5,00	0,91	1,64
5,20	0,87	1,57
5,40	0,83	1,49
5,60	0,79	1,42
5,80	0,75	1,35
6,00	0,73	1,31
6,20	0,70	1,26
6,40	0,67	1,21
6,60	0,64	1,15
6,80	0,62	1,12
7,00	0,60	1,08
7,20	0,58	1,04
7,40	0,56	1,01
7,60	0,55	0,99
7,80	0,54	0,96
8,00	0,52	0,94
8,20	0,51	0,92
8,40	0,50	0,90
8,60	0,49	0,87
8,80	0,47	0,85
9,00	0,46	0,83
9,20	0,45	0,81
9,40	0,44	0,79
9,60	0,43	0,77
9,80	0,42	0,76
10,00	0,42	0,76
10,20	0,41	0,74
10,40	0,40	0,72
10,60	0,39	0,70
10,80	0,39	0,70
11,00	0,38	0,68
11,20	0,38	0,68
11,40	0,37	0,67
11,60	0,37	0,67
11,80	0,37	0,67
12,00	0,37	0,67
15,00	0,36	0,65
16,00	0,34	0,61
17,00	0,34	0,61
20,00	0,33	0,59
22,00	0,31	0,56
24,00	0,30	0,54
26,00	0,30	0,54
28,00	0,29	0,52
30,00	0,28	0,50
		
		
		
		
		
		
		
		
		
		
		
		
		
		
		
		
		
		
		
		
		
		
		
		
		
		
		
		
		
		
		
		
		
		
		
		
		
		
		
		
		
		
		
		
		
		
		
		
		
		
		
		
		
		
		
		
		
		
		
		
		
		
		
		
		
		
		
		
		
		
		
		
		
		
		
		
		
		
		
		
		
		
		
		
		
		
		
		
		
		
		
		
		
		
		
		
		
		
		
		
		
		
		
		
		
		
		
		
		
		
		
		
		
		
		
		
		
		
		
		
		
		
		
		
		
		
		
		
		
		
		
		
		
		
		
		
		
		
		
		
		
		
		
		
		
		
		
		
		
		
		
		
		
		
		
		
		
		
		
		
		
		
		
		
		
		
		
		
		
		
		
		
		
		
		
		
		
		
		
		
		
		
		
		
		
		
		
		
		
		
		
		
		
		
		
		
		
		
		
		
		
		
		
		
		
		
		
		
		
		
		
		
		
		
		
		
		
		
		
		
		
		
		
		
		
		
		
		
		
		
		
		
		
		
		
		
		
		
		
		
		
		
		
		
		
		
		
		
		
		
		
		
		
		
		
		
		
		
		
		
		
		
		
		
		
		
		
		
		
		
		
		
		
		
		
		
		
		
		
		
		
		
		
		
		
		
		
		
		
		
		
		
		
		
		
		
		
		
		
		
		
		
		
		
		
