#	0		A	h	b	s	t	r1	r1	d	Iy	Wy	Sy	iy	Iz	Wz	iz
1	20Ш0	24.4	31.11	190	149	5	7	13	3.5	150	2079.6	218.9	120.97	81.76	386.62	51.9	35.25
2	20Ш1	30.6	39.01	194	150	6	9	13	4.5	150	2689.74	277.3	154.28	83.04	507.16	67.62	36.06
3	20Ш2	38.8	49.38	199	151	7.5	11.5	13	5.75	150	3502.14	352	198.01	84.21	661.25	87.58	36.59
4	20Ш3	47	59.85	204	152	9	14	13	7	150	4362.01	427.7	243.18	85.37	821.37	108.08	37.05
5	20Ш4	58.9	75.06	211	155	11	17.5	13	8.75	150	5696.83	540	311.2	87.12	1089.19	140.54	38.09
6	20Ш5	70.9	90.27	218	157	13	21	13	10.5	150	7117.64	653	381.26	88.8	1359.05	173.13	38.8
7	20Ш6	88.1	112.29	228	159	16	26	13	13	150	9312.801	816.9	485.66	91.07	1749.68	220.09	39.47
8	25Ш0	36.8	46.84	240	174	6	9	16	4.5	190	4981.13	415.1	229.64	103.13	791.75	91.01	41.11
9	25Ш1	44.1	56.24	244	175	7	11	16	5.5	190	6121.23	501.7	279.19	104.33	984.48	112.51	41.84
10	25Ш2	53.8	68.59	249	176	8.5	13.5	16	6.75	190	7624.69	612.4	343.94	105.44	1229.33	139.7	42.34
11	25Ш3	67.3	85.69	256	177	10.5	17	16	8.5	190	9819.491	767.2	436.06	107.05	1575.2	177.99	42.88
12	25Ш4	84.4	107.5	264	182	13	21	16	10.5	190	12751.44	966	556.26	108.91	2116.49	232.58	44.37
13	25Ш5	104.7	133.4	274	184	16	26	16	13	190	16478.26	1202.8	703.59	111.14	2710.17	294.58	45.07
14	25Ш6	128.3	163.42	286	186	19	32	16	16	190	21287.682	1488.7	884.76	114.13	3448.57	370.81	45.94
15	30Ш0	48.3	61.48	290	199	7	10	18	5	234	9429.751	650.3	360.6	123.85	1316.09	132.27	46.27
16	30Ш1	56.8	72.38	294	200	8	12	18	6	234	11338.301	771.3	429.51	125.16	1603.26	160.33	47.06
17	30Ш2	68.6	87.38	300	201	9	15	18	7.5	234	14209.66	947.3	529.86	127.52	2034.13	202.4	48.25
18	30Ш3	82.9	105.56	306	203	11	18	18	9	234	17455.33	1140.9	644.63	128.59	2515.46	247.83	48.82
19	30Ш4	100.9	128.52	314	206	13	22	18	11	234	21967.16	1399.2	798.35	130.74	3213.67	312.01	50
20	30Ш5	127.5	162.46	326	208	16	28	18	14	234	29037.682	1781.5	1031.79	133.69	4213.04	405.1	50.92
21	30Ш6	163.3	207.98	342	210	20	36	18	18	234	39315.664	2299.2	1357.14	137.49	5580.38	531.47	51.8
22	35Ш1	65.3	83.17	334	249	8	11	20	5.5	272	17107.053	1024.4	565.71	143.42	2834.62	227.68	58.38
23	35Ш2	79.7	101.51	340	250	9	14	20	7	272	21676.5	1275.1	706.03	146.13	3650.97	292.08	59.97
24	35Ш3	98.9	125.95	347	252	11	17.5	20	8.75	272	27535.211	1587	886.41	147.86	4674.9	371.02	60.92
25	35Ш4	118.3	150.67	354	254	13	21	20	10.5	272	33692.449	1903.5	1072.31	149.54	5745.8	452.43	61.75
26	35Ш5	147.2	187.51	364	258	16	26	20	13	272	43231.441	2375.4	1354.36	151.84	7458.32	578.16	63.07
27	35Ш6	179.9	229.11	376	260	19	32	20	16	272	54967.484	2923.8	1688.25	154.89	9398.881	722.99	64.05
28	35Ш7	223.6	284.79	392	262	23	40	20	20	272	71815.258	3664	2150.36	158.8	12030.691	918.37	65
29	40Ш1	88.6	112.91	383	299	9.5	12.5	22	6.25	314	30554.322	1595.5	880.73	164.5	5576.08	372.98	70.27
30	40Ш2	106.7	135.95	390	300	10	16	22	8	314	38674.105	1983.3	1093.97	168.66	7207.771	480.52	72.81
31	40Ш3	129.4	164.89	397	302	12	19.5	22	9.75	314	47846.383	2410.4	1339.96	170.34	8962.48	593.54	73.72
32	40Ш4	158.6	201.98	406	304	14.5	24	22	12	314	60107.102	2960.9	1662	172.51	11253.74	740.38	74.64
33	40Ш5	198	252.2	418	309	17.5	30	22	15	314	77867.258	3725.7	2114.9	175.71	14776.27	956.39	76.54
34	40Ш6	238.1	303.25	430	311	21	36	22	18	314	96432.25	4485.2	2578.21	178.32	18086.352	1163.11	77.23
35	40Ш7	289.7	369.09	446	313	25	44	22	22	314	122543.625	5495.201	3204.85	182.21	22547.072	1440.71	78.16
36	45Ш0	106	135.04	434	299	10	15	24	7.5	356	46794.176	2156.4	1192.24	186.15	6692.4	447.65	70.4
37	45Ш1	123.5	157.38	440	300	11	18	24	9	356	56069.129	2548.6	1412.44	188.75	8111.311	540.75	71.79
38	45Ш2	144.7	184.3	446	302	13	21	24	10.5	356	66379.078	2976.6	1661.51	189.78	9655.62	639.44	72.38
39	45Ш3	166	211.46	452	304	15	24	24	12	356	77050.828	3409.3	1915.99	190.88	11258.331	740.68	72.97
40	45Ш4	206	262.46	464	308	18	30	24	15	356	98962.828	4265.6	2420.93	194.18	14639.891	950.64	74.69
41	45Ш5	245.7	312.98	476	310	21	36	24	18	356	121722.094	5114.4	2932.26	197.21	17919.221	1156.08	75.67
42	45Ш6	298.7	380.5	492	312	25	44	24	22	356	153856.391	6254.3	3633.74	201.08	22341.691	1432.16	76.63
43	50Ш1	114.2	145.52	482	300	11	15	26	7.5	400	60366.77	2504.8	1395.56	203.67	6763.811	450.92	68.18
44	50Ш2	138.4	176.34	487	300	14.5	17.5	26	8.75	400	71863.008	2951.3	1666.63	201.87	7897.76	526.52	66.92
45	50Ш3	156.1	198.86	493	300	15.5	20.5	26	10.25	400	83437.195	3384.9	1912.66	204.83	9251.071	616.74	68.21
46	50Ш4	173.8	221.38	499	300	16.5	23.5	26	11.75	400	95277.602	3818.7	2161.4	207.45	10604.771	706.98	69.21
47	50Ш5	204.7	260.8	508	302	19	28	26	14	400	114959.828	4526	2578.55	209.95	12894.501	853.94	70.31
48	50Ш6	243.2	309.84	518	310	22	33	26	16.5	400	140248.141	5415	3106.5	212.75	16442.93	1060.83	72.85
49	50Ш7	292.7	372.92	532	312	26	40	26	20	400	174203.781	6549	3797.96	216.13	20335.66	1303.57	73.84
50	50Ш8	347.6	442.84	548	314	30	48	26	24	400	214879.984	7842.3	4598.03	220.28	24895.52	1585.7	74.98
51	60Ш1	137	174.49	582	300	12	17	28	8.5	492	102709.984	3529.6	1981.3	242.62	7669.851	511.32	66.3
52	60Ш2	170.7	217.41	589	300	16	20.5	28	10.25	492	126193.289	4285	2438.84	240.92	9259.23	617.28	65.26
53	60Ш3	198.1	252.37	597	300	18	24.5	28	12.25	492	150035.328	5026.3	2869.72	243.82	11069.151	737.94	66.23
54	60Ш4	225.6	287.33	605	300	20	28.5	28	14.25	492	174450.484	5767	3305.39	246.4	12881.171	858.74	66.96
55	60Ш5	265.4	338.13	616	302	23	34	28	17	492	210467.063	6833.4	3941.46	249.49	15686.681	1038.85	68.11
56	60Ш6	324.2	412.99	630	315	27	41	28	20.5	492	266239.938	8452.101	4907.09	253.9	21476.18	1363.57	72.11
57	60Ш7	377.5	480.93	644	317	31	48	28	24	492	318172.063	9881.101	5788.14	257.21	25653.762	1618.53	73.04
58	60Ш8	450.6	574.05	664	319	36	58	28	29	492	394963.719	11896.501	7047.57	262.3	31634.213	1983.34	74.23
59	70Ш1	166	211.49	692	300	13	20	28	10	596	172424.063	4983.4	2814.39	285.53	9024.741	601.65	65.32
60	70Ш2	190.4	242.53	698	300	15	23	28	11.5	596	198779.766	5695.7	3233.41	286.29	10382.92	692.19	65.43
61	70Ш3	226.9	289.09	707	300	18	27.5	28	13.75	596	239021.125	6761.601	3867.01	287.54	12424.2	828.28	65.56
62	70Ш4	258.6	329.39	715	300	20.5	31.5	28	15.75	596	275127.031	7695.9	4426.46	289.01	14242.001	949.47	65.76
63	70Ш5	294.9	375.69	725	300	23	36.5	28	18.25	596	319781.969	8821.6	5099.3	291.75	16514.18	1100.95	66.3
64	70Ш6	359.7	458.21	740	313	27	44	28	22	596	403258.375	10898.9	6334.98	296.66	22622.213	1445.51	70.26
65	70Ш7	431.2	549.27	758	315	32	53	28	26.5	596	496466.969	13099.4	7693	300.64	27822.58	1766.51	71.17
66	70Ш8	518.3	660.25	780	317	38	64	28	32	596	616075.375	15796.8	9389.941	305.47	34321.605	2165.4	72.1
