#	0		A	h	b	s	t	r1	r1	d	Iy	Wy	Sy	iy	Iz	Wz	iz
1	20ДБ1	26.6	33.87	207	133	5.8	8.4	7.6	4.2	175	2580.37	249.3	139.48	87.28	329.79	49.59	31.2
2	20ДБ2	31.3	39.97	210	134	6.4	10.2	7.6	5.1	174.4	3137	298.8	167.61	88.6	409.58	61.13	32.01
3	25ДБ1	31.1	39.64	251	146	6	8.6	7.6	4.3	218.6	4395.18	351.2	196.03	105.3	446.61	61.18	33.57
4	25ДБ2	37	47.08	256	146	6.3	10.9	7.6	5.45	219	5523.69	431.5	241.08	108.32	565.99	77.53	34.67
5	25ДБ3	43	54.73	260	147	7.2	12.7	7.6	6.35	219.4	6554.721	504.2	283.24	109.44	673.24	91.6	35.07
6	25ДБ4	32.7	41.7	258	146	6.1	9.1	7.6	4.55	224.6	4887.5	378.9	212.12	108.27	472.58	64.74	33.67
7	25ДБ5	38.5	49.24	262	147	6.6	11.2	7.6	5.6	224.4	6007.11	458.6	256.75	110.45	593.66	80.77	34.72
8	25ДБ6	44.8	57.22	266	148	7.6	13	7.6	6.5	224.8	7108.01	534.4	301.04	111.46	703.43	95.06	35.06
9	30ДБ1	28.3	36.12	309	102	6	8.9	7.6	4.45	276	5426.36	351.2	203.38	122.56	158.06	30.99	20.92
10	30ДБ2	32.7	41.76	313	102	6.6	10.8	7.6	5.4	276.2	6496.061	415.1	240.08	124.72	191.85	37.62	21.43
11	30ДБ3	38.7	49.54	310	165	5.8	9.7	8.9	4.85	272.8	8544.97	551.3	306.41	131.33	726.88	88.11	38.3
12	30ДБ4	44.5	57.04	313	166	6.6	11.2	8.9	5.6	272.8	9960.39	636.5	355.1	132.14	854.77	102.98	38.71
13	30ДБ5	52	66.85	317	167	7.6	13.2	8.9	6.6	272.8	11873.01	749.1	419.95	133.27	1025.95	122.87	39.17
14	30ДБ6	40.3	51.3	303	165	6	10.2	8.9	5.1	264.8	8477.69	559.6	311.02	128.56	764.36	92.65	38.6
15	30ДБ7	46.1	58.84	307	166	6.7	11.8	8.9	5.9	265.6	9942.921	647.8	361.13	129.99	900.53	108.5	39.12
16	30ДБ8	54	68.76	310	167	7.9	13.7	8.9	6.85	264.8	11668.1	752.8	422.55	130.26	1064.87	127.53	39.35
17	35ДБ1	32.9	41.74	349	127	5.8	8.5	10.2	4.25	311.6	8267.331	473.8	271.01	140.74	291	45.83	26.4
18	35ДБ2	39	49.84	353	128	6.5	10.7	10.2	5.35	311.2	10240.24	580.2	331.05	143.34	375.06	58.6	27.43
19	35ДБ3	44.6	57.34	352	171	6.9	9.8	10.2	4.9	312	12166.36	691.3	389.35	145.66	817.94	95.67	37.77
20	35ДБ4	51	64.45	355	171	7.2	11.6	10.2	5.8	311.4	14130.931	796.1	446.97	148.07	968.08	113.23	38.76
21	35ДБ5	58	72.17	358	172	7.9	13.1	10.2	6.55	311.4	16051.94	896.8	504.59	149.14	1112.72	129.39	39.27
22	35ДБ6	67.1	85.45	363	173.2	9.1	15.7	10.2	7.85	311.2	19414.43	1069.7	604.58	150.73	1362.07	157.28	39.92
23	35ДБ7	91	115.93	353	254	9.5	16.4	16	8.2	288.2	26754.313	1515.8	840.02	151.92	4483.141	353	62.19
24	35ДБ8	101	129.17	357	255	10.5	18.3	16	9.15	288.4	30209.803	1692.4	942.22	152.93	5062.32	397.04	62.6
25	35ДБ9	110	140.59	360	256	11.4	19.9	16	9.95	288.2	33153.98	1841.9	1029.6	153.57	5570.48	435.19	62.95
26	35ДБ10	122	155.28	363	257	13	21.7	16	10.85	287.6	36598.332	2016.4	1134.85	153.52	6147.42	478.4	62.92
27	40ДБ1	38.8	49.94	399	140	6.4	8.8	10.2	4.4	361	12656.641	634.4	365.15	159.19	403.59	57.66	28.43
28	40ДБ2	46.1	58.9	403	140	7	11.2	10.2	5.6	360.2	15570.06	772.7	442.32	162.59	513.63	73.38	29.53
29	40ДБ3	53	68.07	403	177	7.5	10.9	10.2	5.45	360.8	18613.439	923.8	522.88	165.36	1009.08	114.02	38.5
30	40ДБ4	60	75.83	407	178	7.7	12.8	10.2	6.4	361	21585.779	1060.7	597.5	168.72	1204.97	135.39	39.86
31	40ДБ5	67	85.99	410	179	8.8	14.4	10.2	7.2	360.8	24557.502	1197.9	678.1	168.99	1379.08	154.09	40.05
32	40ДБ6	75	95.45	413	180	9.7	16	10.2	8	360.6	27495.01	1331.5	756.09	169.72	1558.58	173.18	40.41
33	40ДБ7	85	108.26	417	181	10.9	18.2	10.2	9.1	360.2	31537.512	1512.6	862.63	170.68	1803.36	199.27	40.81
34	45ДБ1	52	66.28	450	152	7.6	10.8	10.2	5.4	408	21216.721	943	544.31	178.91	634.06	83.43	30.93
35	45ДБ2	60	75.86	455	153	8	13.3	10.2	6.65	408	25498.982	1120.8	642.4	183.34	796.13	104.07	32.39
36	45ДБ3	68	87.29	459	154	9.1	15.4	10.2	7.7	407.8	29698.289	1294	744.05	184.45	940.55	122.15	32.83
37	45ДБ4	74.2	94.48	462	154.4	9.6	17	10.2	8.5	407.6	32674.031	1414.5	813.29	185.97	1046.53	135.56	33.28
38	45ДБ5	82.1	104.56	466	155.3	10.5	18.9	10.2	9.45	407.8	36624.871	1571.9	906.27	187.16	1184.51	152.55	33.66
39	45ДБ6	67.1	85.47	453	189.9	8.5	12.7	10.2	6.35	407.2	29321.461	1296.6	734.66	185.22	1452.13	152.94	41.22
40	45ДБ7	74	94.51	457	190	9	14.5	10.2	7.25	407.6	33262.539	1455.7	825.08	187.6	1660.63	174.8	41.92
41	45ДБ8	82	104.39	460	191	9.9	16	10.2	8	407.6	37004.02	1608.9	914.58	188.28	1862.06	194.98	42.24
42	45ДБ9	89	113.76	463	192	10.5	17.7	10.2	8.85	407.2	40952.176	1769	1006.08	189.73	2092.64	217.98	42.89
43	45ДБ10	97	123.03	466	193	11.4	19	10.2	9.5	407.6	44505.672	1910.1	1090.07	190.2	2282.42	236.52	43.07
44	45ДБ11	106	134.72	469	194	12.6	20.6	10.2	10.3	407.4	48825.332	2082.1	1193.69	190.37	2514.63	259.24	43.2
45	53ДБ3	92.5	117.78	533	209	10.2	15.6	12.7	7.8	476.4	40061.27	1529.06	880.05	209.02	1615.22	156.06	41.97
46	53ДБ4	101.4	129.2	537	210	10.9	17.4	12.7	8.7	476.8	47614.766	1802.34	1031.03	213.56	2028.08	194.04	44.07
47	53ДБ5	109	138.88	539	211	11.6	18.8	12.7	9.4	476	55246.344	2073	1181.69	216.58	2379.01	227.66	44.94
48	53ДБ6	123.2	156.98	544	212	13.1	21.2	12.7	10.6	476.2	61702.672	2298.1	1310.12	218.53	2692.14	256.39	45.65
49	53ДБ7	138.3	176.16	549	214	14.7	23.6	12.7	11.8	476.4	66731.563	2476.1	1413.46	219.2	2951.06	279.72	46.1
50	60ДБ1	82	104.29	599	178	10	12.8	12.7	6.4	548	76082.727	2797.2	1604	220.15	3377.3	318.61	46.38
51	60ДБ2	92	117.54	603	179	10.9	15	12.7	7.5	547.6	86084.328	3136	1806.6	221.06	3869.6	361.64	46.87
52	60ДБ3	101	129.51	603	228	10.5	14.9	12.7	7.45	547.8	55978.875	1869.1	1098.43	231.68	1208.85	135.83	34.05
53	60ДБ4	113	144.49	608	228	11.2	17.3	12.7	8.65	548	64629.039	2143.6	1256.38	234.49	1441.05	161.01	35.01
54	60ДБ5	125	159.32	612	229	11.9	19.6	12.7	9.8	547.4	76354.383	2532.5	1449.82	242.81	2949.85	258.76	47.72
55	60ДБ6	140	178.52	617	230	13.1	22.2	12.7	11.1	547.2	87546.5	2879.8	1644.93	246.15	3425.21	300.46	48.69
