#	0		A	h	b	s	t	r1	r1	d	Iy	Wy	Sy	iy	Iz	Wz	iz
1	15К1	26.8	34.17	147	149	6	8.5	11	4.25	108	1366.76	186	103.63	63.25	469.21	62.98	37.06
2	15К2	31.5	40.14	150	150	7	10	11	5	108	1641.33	218.8	123.04	63.95	563.28	75.1	37.46
3	15К3	39.1	49.84	155	151	8.5	12.5	11	6.25	108	2117.61	273.2	155.69	65.18	718.46	95.16	37.97
4	15К4	46.8	59.64	160	152	10	15	11	7.5	108	2629.16	328.6	189.67	66.4	879.66	115.74	38.41
5	15К5	56.3	71.72	166	153	12	18	11	9	108	3291.43	396.6	232.39	67.74	1077.13	140.8	38.75
6	20К1	41.4	52.69	196	199	6.5	10	13	5	150	3846.06	392.5	216.41	85.44	1314.47	132.11	49.95
7	20К2	49.9	63.53	200	200	8	12	13	6	150	4715.63	471.6	262.75	86.15	1601.53	160.15	50.21
8	20К3	57.8	73.57	204	201	9	14	13	7	150	5602.48	549.3	308.35	87.26	1896.76	188.73	50.78
9	20К4	69.3	88.27	210	201	10.5	17	13	8.5	150	6962.62	663.1	376.57	88.81	2303.59	229.21	51.09
10	20К5	78	99.33	214	202	12	19	13	9.5	150	7970.4	744.9	426.84	89.58	2613.87	258.8	51.3
11	20К6	90.3	114.97	220	202	14	22	13	11	150	9488.15	862.6	500.34	90.84	3027.75	299.78	51.32
12	20К7	102.9	131.11	226	203	16	25	13	12.5	150	11136.66	985.6	578.16	92.16	3493.41	344.18	51.62
13	20К8	118.4	150.87	234	203	18	29	13	14.5	150	13375.48	1143.2	679.29	94.16	4053.99	399.41	51.84
14	25К1	62.6	79.72	246	249	8	12	16	6	190	9170.921	745.6	410.68	107.26	3090.06	248.2	62.26
15	25К2	72.4	92.18	250	250	9	14	16	7	190	10832.611	866.6	480.25	108.41	3648.81	291.9	62.92
16	25К3	80.2	102.21	253	251	10	15.5	16	7.75	190	12153.56	960.8	535.41	109.05	4088.75	325.8	63.25
17	25К4	90.1	114.82	257	252	11	17.5	16	8.75	190	13927.17	1083.8	607.67	110.14	4672.01	370.79	63.79
18	25К5	102.9	131.15	262	253	12.5	20	16	10	190	16243.921	1240	701.07	111.29	5404.02	427.2	64.19
19	25К6	115.5	147.13	267	253	14	22.5	16	11.25	190	18593.24	1392.8	793.96	112.42	6080.59	480.68	64.29
20	25К7	134.9	171.88	274	258	16	26	16	13	190	22416.621	1636.3	942.16	114.2	7452.57	577.72	65.85
21	25К8	153	194.97	281	259	18	29.5	16	14.75	190	26169.723	1862.6	1083.49	115.86	8556.671	660.75	66.25
22	25К9	171.3	218.2	288	260	20	33	16	16.5	190	30128.76	2092.3	1228.96	117.51	9685.85	745.07	66.63
23	25К10	197.5	251.62	298	261	23	38	16	19	190	36112.371	2423.7	1442.84	119.8	11288.1	864.99	66.98
24	30К1	87	110.8	298	299	9	14	18	7	234	18848.662	1265	694.64	130.43	6241.19	417.47	75.05
25	30К2	94	119.78	300	300	10	15	18	7.5	234	20410.213	1360.7	750.59	130.54	6754.831	450.32	75.1
26	30К3	105.8	134.78	300	305	15	15	18	7.5	234	21535.213	1435.7	806.84	126.4	7104.76	465.89	72.6
27	30К4	105.8	134.82	304	301	11	17	18	8.5	234	23380.492	1538.2	852.74	131.69	7732.591	513.79	75.73
28	30К5	117.4	149.56	308	301	12	19	18	9.5	234	26362.99	1711.9	953.96	132.77	8642.781	574.27	76.02
29	30К6	129.3	164.72	312	302	13	21	18	10.5	234	29508.74	1891.6	1059.44	133.84	9648.6	638.98	76.53
30	30К7	142	180.85	316	302	14.5	23	18	11.5	234	32732.42	2071.7	1167.93	134.53	10569.09	699.94	76.45
31	30К8	161.8	206.15	316	357	14.5	23	18	11.5	234	38173.52	2416.1	1353.26	136.08	17452.102	977.71	92.01
32	30К9	182.2	232.14	322	358	16	26	18	13	234	43983.211	2731.9	1541.6	137.65	19896.063	1111.51	92.58
33	30К10	203.8	259.6	328	359	18	29	18	14.5	234	50113.523	3055.7	1738.68	138.94	22381.16	1246.86	92.85
34	30К11	225.4	287.18	334	360	20	32	18	16	234	56488.074	3382.5	1939.98	140.25	24906.98	1383.72	93.13
35	30К12	250	318.49	341	361	22	35.5	18	17.75	234	64158.871	3763	2176.26	141.93	27866.029	1543.82	93.54
36	30К13	280.4	357.18	350	362	24	40	18	20	234	74376.602	4250.1	2481.31	144.3	31663.842	1749.38	94.15
37	30К14	310	394.74	356	371	27	43	18	21.5	234	83542.727	4693.4	2760.9	145.48	36649.594	1975.72	96.36
38	30К15	340	433.46	364	372	30	47	18	23.5	234	93889.391	5158.8	3062.8	147.17	40396.23	2171.84	96.54
39	30К16	377	479.8	374	373	33	52	18	26	234	107317.141	5738.9	3441.68	149.56	45068.652	2416.55	96.92
40	30К17	413	526.34	384	374	36	57	18	28.5	234	121512.367	6328.8	3831.76	151.94	49816.719	2664	97.29
41	30К18	456	580.58	396	375	39	63	18	31.5	234	139424.859	7041.7	4307.16	154.97	55520.266	2961.08	97.79
42	30К19	510	650.18	408	385	43	69	18	34.5	234	162282.281	7955	4912.82	157.99	65823.938	3419.43	100.62
43	30К20	564	717.92	422	387	47	76	18	38	234	187072.391	8866	5534.78	161.42	73671.75	3807.33	101.3
44	30К21	632	804.48	440	389	52	85	18	42.5	234	221339.141	10060.901	6361.1	165.87	83732.227	4305	102.02
45	35К1	109.1	139.03	342	348	10	15	20	7.5	272	31247.912	1827.4	1001.17	149.92	10542.21	605.87	87.08
46	35К1.5	122.8	156.41	346	349	11	17	20	8.5	272	35711.23	2064.2	1135.84	151.1	12051.441	690.63	87.78
47	35К2	136.5	173.87	350	350	12	19	20	9.5	272	40295.09	2302.6	1272.61	152.23	13585.821	776.33	88.39
48	35К3	154.2	196.48	355	351	13.5	21.5	20	10.75	272	46230.77	2604.6	1448.66	153.39	15506.811	883.58	88.84
49	35К4	172.1	219.19	360	352	15	24	20	12	272	52353.703	2908.5	1627.8	154.55	17459.859	992.04	89.25
50	35К5	190	242	365	353	16.5	26.5	20	13.25	272	58667.445	3214.7	1810.04	155.7	19445.301	1101.72	89.64
51	35К6	207.9	264.79	369	360	18	28.5	20	14.25	272	64960.867	3520.9	1991.8	156.63	22183.471	1232.42	91.53
52	35К7	233	296.87	376	361	20	32	20	16	272	74398.836	3957.4	2256.32	158.31	25119.611	1391.67	91.99
53	35К8	255.5	325.47	382	362	22	35	20	17.5	272	82894.789	4340	2491.96	159.59	27708.51	1530.86	92.27
54	35К9	280.9	357.82	389	363	24	38.5	20	19.25	272	93053.125	4784.201	2767.25	161.26	30738.029	1693.56	92.68
55	35К10	307.6	391.87	396	364	26.5	42	20	21	272	103736.938	5239.201	3054.44	162.7	33819.629	1858.22	92.9
56	35К11	344	437.99	404	374	29	46	20	23	272	118982.063	5890.201	3458.4	164.82	40183.363	2148.84	95.78
57	35К12	381	485.77	414	375	32	51	20	25.5	272	135721.125	6556.6	3886.58	167.15	44924.285	2395.96	96.17
58	35К13	419	533.75	424	376	35	56	20	28	272	153322.156	7232.201	4326.2	169.49	49742.078	2645.86	96.54
59	35К14	457	581.93	434	377	38	61	20	30.5	272	171810.203	7917.5	4777.34	171.83	54637.742	2898.55	96.9
60	35К15	503	640.99	446	378	42	67	20	33.5	272	195206.313	8753.7	5336.351	174.51	60526.723	3202.47	97.17
61	35К16	565	719.27	458	392	46	73	20	36.5	272	227053.172	9915	6094.32	177.67	73566.953	3753.42	101.13
62	35К17	619	788.23	472	393	50	80	20	40	272	258357.063	10947.301	6796.661	181.04	81286.57	4136.72	101.55
63	35К18	682	868.47	488	394	55	88	20	44	272	296560.125	12154.101	7629.66	184.79	90173.859	4577.35	101.9
64	35К19	751	956.93	506	395	60	97	20	48.5	272	342451.594	13535.6	8591.51	189.17	100237.852	5075.33	102.35
65	35К20	830	1056.95	520	409	65	104	20	52	272	392963.375	15114.001	9664.421	192.82	119352.508	5836.31	106.26
66	35К21	912	1162.03	540	411	71	114	20	57	272	454051.031	16816.701	10816.7	197.67	132896.313	6466.971	106.94
67	35К22	1002	1276.17	562	413	77	125	20	62.5	272	526659.938	18742.402	12243.011	203.15	148011.266	7167.62	107.69
68	35К23	1105	1407.19	580	426	84	134	20	67	272	606878.313	20926.803	13777.86	207.67	174271.938	8181.78	111.29
69	35К24	1214	1546.07	604	430	92	146	20	73	272	704826.438	23338.602	15522.091	213.51	195579.563	9096.72	112.47
70	40К1	146.6	186.81	394	398	11	18	22	9	314	56145.316	2850	1559.22	173.36	18922.619	950.89	100.64
71	40К2	171.7	218.69	400	400	13	21	22	10.5	314	66621.406	3331.1	1836.23	174.54	22412.67	1120.63	101.23
72	40К3	200.1	254.87	406	403	16	24	22	12	314	78039.227	3844.3	2139.84	174.98	26200.191	1300.26	101.39
73	40К4	231.9	295.39	414	405	18	28	22	14	314	92771.148	4481.7	2513.15	177.22	31026.871	1532.19	102.49
74	40К4.5	255.6	325.61	420	403	20	31	22	15.5	314	103629.711	4934.8	2786.46	178.4	33850.078	1679.9	101.96
75	40К5	290.8	370.49	429	400	23	35.5	22	17.75	314	120290.281	5607.9	3198.49	180.19	37914.875	1895.74	101.16
76	40К6	306	389.65	438	370	25	40	22	20	314	128432.352	5864.5	3381.88	181.55	33828.59	1828.57	93.18
77	40К7	344	438.29	448	371	28	45	22	22.5	314	148100.172	6611.6	3848.78	183.82	38379.676	2068.98	93.58
78	40К8	382	487.13	458	372	31	50	22	25	314	168699.391	7366.8	4327.201	186.09	43005.945	2312.15	93.96
79	40К9	430	547.21	470	373	35	56	22	28	314	194740.031	8286.801	4920.7	188.65	48584.934	2605.09	94.23
80	40К10	483	615.01	484	374	39	63	22	31.5	314	226537.969	9361.1	5620.76	191.92	55131.746	2948.22	94.68
81	40К11	543	691.21	494	392	43	68	22	34	314	261626.641	10592.2	6402.771	194.55	68534.68	3496.67	99.57
82	40К12	607	773.35	510	393	48	76	22	38	314	303779.063	11912.9	7286.5	198.19	77250.094	3931.301	99.94
83	40К13	678	863.69	528	394	53	85	22	42.5	314	354176.375	13415.8	8303.29	202.5	87133.422	4423.02	100.44
84	40К14	758	965.87	548	395	59	95	22	47.5	314	414486.625	15127.3	9480.79	207.15	98243.266	4974.34	100.85
85	40К15	849	1081.45	564	410	65	103	22	51.5	314	482318.063	17103.5	10811.511	211.18	119192.555	5814.271	104.98
86	40К16	949	1209.51	588	412	72	115	22	57.5	314	569246.875	19362.102	12395.01	216.94	135224.953	6564.32	105.74
87	40К17	1067	1358.67	616	414	80	129	22	64.5	314	679972.875	22077.002	14322.161	223.71	154171.563	7447.9	106.52
88	40К18	1193	1519.61	638	430	87	140	22	70	314	800682.25	25099.801	16419.75	229.54	187578.953	8724.6	111.1
89	40К19	1332	1696.33	668	435	96	155	22	77.5	314	952172.563	28508.201	18868.641	236.92	215398.109	9903.36	112.68
