#		P	A	h	b	s	r	Iy	Wy	iy	Iz	Wz	iz
1	50x25x2	2.15	2.74	50	25	2	4	8.38	3.35	17.5	2.8	2.24	10.1
2	50x25x2.5	2.62	3.34	50	25	2.5	5	9.88	3.95	17.2	3.27	2.61	9.9
3	50x25x3	3.07	3.91	50	25	3	6	11.17	4.47	16.9	3.65	2.92	9.7
4	50x25x3.5	3.49	4.44	50	25	3.5	7	12.24	4.9	16.6	3.96	3.16	9.4
5	50x25x4	3.88	4.95	50	25	4	8	13.12	5.25	16.3	4.19	3.35	9.2
6	50x30x2	2.31	2.94	50	30	2	4	9.53	3.81	18	4.29	2.86	12.1
7	50x30x2.5	2.82	3.59	50	30	2.5	5	11.29	4.52	17.7	5.04	3.36	11.9
8	50x30x3	3.3	4.21	50	30	3	6	12.82	5.13	17.5	5.68	3.79	11.6
9	50x30x3.5	3.76	4.79	50	30	3.5	7	14.13	5.65	17.2	6.22	4.15	11.4
10	50x30x4	4.2	5.35	50	30	4	8	15.24	6.09	16.9	6.66	4.44	11.2
11	50x30x5	4.99	6.36	50	30	5	10	16.85	6.74	16.3	7.26	4.84	10.7
12	50x40x2	2.62	3.34	50	40	2	4	11.84	4.73	18.8	8.38	4.19	15.8
13	50x40x2.5	3.21	4.09	50	40	2.5	5	14.11	5.65	18.6	9.97	4.98	15.6
14	50x40x3	3.77	4.81	50	40	3	6	16.14	6.45	18.3	11.36	5.68	15.4
15	50x40x3.5	4.31	5.49	50	40	3.5	7	17.92	7.17	18.1	12.59	6.29	15.1
16	50x40x4	4.83	6.15	50	40	4	8	19.47	7.79	17.8	13.64	6.82	14.9
17	50x40x4.5	5.31	6.77	50	40	4.5	9	20.8	8.32	17.5	14.54	7.27	14.7
18	50x40x5	5.77	7.36	50	40	5	10	21.91	8.77	17.3	15.28	7.64	14.4
19	60x30x2	2.62	3.34	60	30	2	4	15.04	5.01	21.2	5.07	3.38	12.3
20	60x30x2.5	3.21	4.09	60	30	2.5	5	17.93	5.98	20.9	5.99	3.99	12.1
21	60x30x3	3.77	4.81	60	30	3	6	20.49	6.83	20.6	6.78	4.52	11.9
22	60x30x3.5	4.31	5.49	60	30	3.5	7	22.74	7.58	20.3	7.45	4.97	11.6
23	60x30x4	4.83	6.15	60	30	4	8	24.69	8.23	20	8.01	5.34	11.4
24	60x30x4.5	5.31	6.77	60	30	4.5	9	26.34	8.78	19.7	8.47	5.64	11.2
25	60x30x5	5.77	7.36	60	30	5	10	27.72	9.24	19.4	8.83	5.88	11
26	60x30x5.5	6.21	7.91	60	30	5.5	11	28.84	9.61	19.1	9.1	6.06	10.7
27	60x30x6	6.62	8.43	60	30	6	12	29.69	9.9	18.8	9.28	6.19	10.5
28	60x40x2	2.93	3.74	60	40	2	4	18.41	6.14	22.2	9.82	4.91	16.2
29	60x40x2.5	3.6	4.59	60	40	2.5	5	22.06	7.35	21.9	11.72	5.86	16
30	60x40x3	4.25	5.41	60	40	3	6	25.37	8.46	21.7	13.42	6.71	15.8
31	60x40x3.5	4.86	6.19	60	40	3.5	7	28.33	9.44	21.4	14.92	7.46	15.5
32	60x40x4	5.45	6.95	60	40	4	8	30.96	10.32	21.1	16.23	8.12	15.3
33	60x40x4.5	6.02	7.67	60	40	4.5	9	33.28	11.09	20.8	17.37	8.69	15.1
34	60x40x5	6.56	8.36	60	40	5	10	35.29	11.76	20.5	18.34	9.17	14.8
35	60x40x5.5	7.07	9.01	60	40	5.5	11	37	12.33	20.3	19.16	9.58	14.6
36	60x40x6	7.56	9.63	60	40	6	12	38.44	12.81	20	19.82	9.91	14.3
37	70x50x2	3.56	4.54	70	50	2	4	31.47	8.99	26.3	18.75	7.5	20.3
38	70x50x2.5	4.39	5.59	70	50	2.5	5	38	10.86	26.1	22.57	9.03	20.1
39	70x50x3	5.19	6.61	70	50	3	6	44.03	12.58	25.8	26.08	10.43	19.9
40	70x50x3.5	5.96	7.59	70	50	3.5	7	49.57	14.16	25.5	29.27	11.71	19.6
41	70x50x4	6.71	8.55	70	50	4	8	54.64	15.61	25.3	32.16	12.87	19.4
42	70x50x4.5	7.43	9.47	70	50	4.5	9	59.24	16.93	25	34.77	13.91	19.2
43	70x50x5	8.13	10.36	70	50	5	10	63.4	18.11	24.7	37.1	14.84	18.9
44	70x50x5.5	8.8	11.21	70	50	5.5	11	67.12	19.18	24.5	39.17	15.67	18.7
45	70x50x6	9.45	12.03	70	50	6	12	70.43	20.12	24.2	40.98	16.39	18.5
46	80x40x2	3.56	4.54	80	40	2	4	37.35	9.34	28.7	12.71	6.36	16.7
47	80x40x2.5	4.39	5.59	80	40	2.5	5	45.1	11.27	28.4	15.24	7.62	16.5
48	80x40x3	5.19	6.61	80	40	3	6	52.24	13.06	28.1	17.52	8.76	16.3
49	80x40x3.5	5.96	7.59	80	40	3.5	7	58.79	14.7	27.8	19.58	9.79	16.1
50	80x40x4	6.71	8.55	80	40	4	8	64.77	16.19	27.5	21.42	10.71	15.8
51	80x40x4.5	7.43	9.47	80	40	4.5	9	70.19	17.55	27.2	23.04	11.52	15.6
52	80x40x5	8.13	10.36	80	40	5	10	75.07	18.77	26.9	24.47	12.23	15.4
53	80x40x5.5	8.8	11.21	80	40	5.5	11	79.42	19.86	26.6	25.7	12.85	15.1
54	80x40x6	9.45	12.03	80	40	6	12	83.26	20.82	26.3	26.75	13.38	14.9
55	80x60x2	4.19	5.34	80	60	2	4	49.52	12.38	30.5	34.35	11.45	25.4
56	80x60x2.5	5.17	6.59	80	60	2.5	5	60.11	15.03	30.2	42.42	14.14	25.4
57	80x60x3	6.13	7.81	80	60	3	6	70.02	17.51	29.9	44.86	14.95	24
58	80x60x3.5	7.06	8.99	80	60	3.5	7	79.27	19.82	29.7	50.67	16.89	23.7
59	80x60x4	7.97	10.15	80	60	4	8	87.87	21.97	29.4	56.05	18.68	23.5
60	80x60x4.5	8.85	11.27	80	60	4.5	9	95.84	23.96	29.2	61	20.33	23.3
61	80x60x5	9.7	12.36	80	60	5	10	103.2	25.8	28.9	65.54	21.85	23
62	80x60x5.5	10.53	13.41	80	60	5.5	11	109.9	27.49	28.6	69.68	23.23	22.8
63	80x60x6	11.33	14.43	80	60	6	12	116.1	29.03	28.4	73.43	24.48	22.6
64	80x60x6.5	11.82	15.06	80	60	6.5	16.5	115.9	28.98	27.7	73.58	24.53	22.1
65	80x60x7	12.53	15.96	80	60	7	17.5	120.1	30.01	27.4	76.1	25.37	21.8
66	80x70x3	6.6	8.41	80	70	3	6	78.92	19.73	30.6	64.23	18.35	27.6
67	80x70x3.5	7.61	9.69	80	70	3.5	7	89.51	22.38	30.4	72.79	20.8	27.4
68	80x70x4	8.59	10.95	80	70	4	8	99.42	24.86	30.1	80.77	23.08	27.2
69	80x70x4.5	9.55	12.17	80	70	4.5	9	108.7	27.17	29.9	88.2	25.2	26.9
70	80x70x5	10.48	13.36	80	70	5	10	117.3	29.31	29.6	95.09	27.17	26.7
71	80x70x5.5	11.39	14.51	80	70	5.5	11	125.2	31.3	29.4	101.5	28.98	26.4
72	80x70x6	12.27	15.63	80	70	6	12	132.5	33.14	29.1	107.3	30.66	26.2
73	80x70x6.5	12.84	16.36	80	70	6.5	16.5	133.5	33.37	28.6	108.2	30.92	25.7
74	80x70x7	13.63	17.36	80	70	7	17.5	138.7	34.68	28.3	112.4	32.11	25.4
75	90x50x3	6.13	7.81	90	50	3	6	81.83	18.19	32.4	32.7	13.08	20.5
76	90x50x3.5	7.06	8.99	90	50	3.5	7	92.63	20.59	32.1	36.84	14.74	20.2
77	90x50x4	7.97	10.15	90	50	4	8	102.7	22.82	31.8	40.63	16.25	20
78	90x50x4.5	8.85	11.27	90	50	4.5	9	112	24.88	31.5	44.09	17.63	19.8
79	90x50x5	9.7	12.36	90	50	5	10	120.5	26.79	31.2	47.23	18.89	19.5
80	90x50x5.5	10.53	13.41	90	50	5.5	11	128.4	28.53	30.9	50.06	20.02	19.3
81	90x50x6	11.33	14.43	90	50	6	12	135.6	30.13	30.6	52.59	21.04	19.1
82	90x50x6.5	11.82	15.06	90	50	6.5	16.5	134.7	29.93	29.9	52.62	21.05	18.7
83	90x50x7	12.53	15.96	90	50	7	17.5	139.4	30.97	29.6	54.27	21.71	18.4
84	90x60x3	6.6	8.41	90	60	3	6	93.19	20.71	33.3	49.73	16.58	24.3
85	90x60x3.5	7.61	9.69	90	60	3.5	7	105.7	23.5	33	56.26	18.75	24.1
86	90x60x4	8.59	10.95	90	60	4	8	117.5	26.1	32.8	62.32	20.77	23.9
87	90x60x4.5	9.55	12.17	90	60	4.5	9	128.4	28.54	32.5	67.93	22.64	23.6
88	90x60x5	10.48	13.36	90	60	5	10	138.6	30.8	32.2	73.1	24.37	23.4
89	90x60x5.5	11.39	14.51	90	60	5.5	11	148	32.9	31.9	77.84	25.95	23.2
90	90x60x6	12.27	15.63	90	60	6	12	156.7	34.83	31.7	82.18	27.39	22.9
91	90x60x7	13.63	17.36	90	60	7	17.5	163.5	36.33	30.7	85.93	28.64	22.3
92	100x40x3	6.13	7.81	100	40	3	6	92.33	18.47	34.4	21.63	10.82	16.6
93	100x40x3.5	7.06	8.99	100	40	3.5	7	104.4	20.89	34.1	24.24	12.12	16.4
94	100x40x4	7.97	10.15	100	40	4	8	115.7	23.13	33.8	26.6	13.3	16.2
95	100x40x4.5	8.85	11.27	100	40	4.5	9	126	25.21	33.4	28.71	14.36	16
96	100x40x5	9.7	12.36	100	40	5	10	135.6	27.11	33.1	30.59	15.3	15.7
97	100x40x5.5	10.53	13.41	100	40	5.5	11	144.3	28.85	32.8	32.25	16.12	15.5
98	100x40x6	11.33	14.43	100	40	6	12	152.2	30.43	32.5	33.69	16.85	15.3
99	100x40x6.5	11.82	15.06	100	40	6.5	16.5	150.1	30.03	31.6	33.54	16.77	14.9
100	100x40x7	12.53	15.96	100	40	7	17.5	155	31.01	31.2	34.39	17.19	14.7
101	100x50x3	6.6	8.41	100	50	3	6	106.4	21.29	35.6	36.02	14.41	20.7
102	100x50x3.5	7.61	9.69	100	50	3.5	7	120.7	24.15	35.3	40.62	16.25	20.5
103	100x50x4	8.59	10.95	100	50	4	8	134.1	26.82	35	44.86	17.94	20.2
104	100x50x4.5	9.55	12.17	100	50	4.5	9	146.6	29.31	34.7	48.74	19.5	20
105	100x50x5	10.48	13.36	100	50	5	10	158.1	31.62	34.4	52.29	20.92	19.8
106	100x50x5.5	11.39	14.51	100	50	5.5	11	168.8	33.76	34.1	55.5	22.2	19.6
107	100x50x6	12.27	15.63	100	50	6	12	178.7	35.73	33.8	58.4	23.36	19.3
108	100x50x6.5	12.84	16.36	100	50	6.5	16.5	178.6	35.71	33	58.77	23.51	19
109	100x50x7	13.63	17.36	100	50	7	17.5	185.3	37.06	32.7	60.74	24.29	18.7
110	100x60x3	7.07	9.01	100	60	3	6	120.6	24.11	36.6	54.61	18.2	24.6
111	100x60x3.5	8.16	10.39	100	60	3.5	7	137	27.41	36.3	61.85	20.62	24.4
112	100x60x4	9.22	11.75	100	60	4	8	152.5	30.51	36	68.59	22.86	24.2
113	100x60x4.5	10.26	13.07	100	60	4.5	9	167.1	33.42	35.8	74.86	24.95	23.9
114	100x60x5	11.27	14.36	100	60	5	10	180.7	36.14	35.5	80.66	26.89	23.7
115	100x60x5.5	12.25	15.61	100	60	5.5	11	193.4	38.68	35.2	86.01	28.67	23.5
116	100x60x6	13.21	16.83	100	60	6	12	205.2	41.03	34.9	90.93	30.31	23.2
117	100x60x6.5	13.86	17.66	100	60	6.5	16.5	207	41.39	34.2	92.18	30.73	22.8
118	100x60x7	14.72	18.76	100	60	7	17.5	215.6	43.12	33.9	95.77	31.92	22.6
119	120x40x3	7.07	9.01	120	40	3	6	148	24.67	40.5	25.74	12.87	16.9
120	120x40x3.5	8.16	10.39	120	40	3.5	7	168.1	28.01	40.2	28.91	14.45	16.7
121	120x40x4	9.22	11.75	120	40	4	8	186.9	31.14	39.9	31.79	15.89	16.4
122	120x40x4.5	10.26	13.07	120	40	4.5	9	204.4	34.07	39.6	34.38	17.19	16.2
123	120x40x5	11.27	14.36	120	40	5	10	220.8	36.79	39.2	36.72	18.36	16
124	120x40x5.5	12.25	15.61	120	40	5.5	11	235.9	39.32	38.9	38.79	19.4	15.8
125	120x40x6	13.21	16.83	120	40	6	12	249.9	41.65	38.5	40.63	20.31	15.5
126	120x40x6.5	13.86	17.66	120	40	6.5	16.5	249.6	41.6	37.6	40.84	20.42	15.2
127	120x40x7	14.72	18.76	120	40	7	17.5	259.2	43.21	37.2	42.01	21	15
128	120x60x3	8.01	10.21	120	60	3	6	189.1	31.52	43	64.35	21.45	25.1
129	120x60x3.5	9.26	11.79	120	60	3.5	7	215.6	35.93	42.8	73.02	24.34	24.9
130	120x60x4	10.48	13.35	120	60	4	8	240.7	40.12	42.5	81.14	27.05	24.7
131	120x60x4.5	11.67	14.87	120	60	4.5	9	264.5	44.08	42.2	88.72	29.57	24.4
132	120x60x5	12.84	16.36	120	60	5	10	286.9	47.82	41.9	95.79	31.93	24.2
133	120x60x5.5	13.98	17.81	120	60	5.5	11	308	51.34	41.6	102.3	34.12	24
134	120x60x6	15.1	19.23	120	60	6	12	327.9	54.65	41.3	108.4	36.14	23.7
135	120x60x6.5	15.9	20.26	120	60	6.5	16.5	333.3	55.56	40.6	110.8	36.93	23.4
136	120x60x7	16.92	21.56	120	60	7	17.5	348.6	58.1	40.2	115.4	38.48	23.1
137	120x80x3	8.96	11.41	120	80	3	6	230.2	38.36	44.9	123.4	30.85	32.9
138	120x80x3.5	10.36	13.19	120	80	3.5	7	263.1	43.85	44.7	140.7	35.18	32.7
139	120x80x4	11.73	14.95	120	80	4	8	294.5	49.09	44.4	157.2	39.3	32.4
140	120x80x4.5	13.08	16.67	120	80	4.5	9	324.5	54.08	44.1	172.8	43.2	32.2
141	120x80x5	14.41	18.36	120	80	5	10	353	58.84	43.9	187.6	46.89	32
142	120x80x5.5	15.71	20.01	120	80	5.5	11	380.1	63.36	43.6	201.5	50.38	31.7
143	120x80x6	16.98	21.63	120	80	6	12	405.9	67.64	43.3	214.7	53.67	31.5
144	120x80x6.5	17.94	22.86	120	80	6.5	16.5	417.1	69.51	42.7	221.3	55.31	31.1
145	120x80x7	19.12	24.36	120	80	7	17.5	438	73	42.4	232	57.99	30.9
146	140x60x3	8.96	11.41	140	60	3	6	278.1	39.72	49.4	74.1	24.7	25.5
147	140x60x3.5	10.36	13.19	140	60	3.5	7	317.7	45.39	49.1	84.19	28.06	25.3
148	140x60x4	11.73	14.95	140	60	4	8	355.5	50.79	48.8	93.68	31.23	25
149	140x60x4.5	13.08	16.67	140	60	4.5	9	391.6	55.94	48.5	102.6	34.19	24.8
150	140x60x5	14.41	18.36	140	60	5	10	425.8	60.83	48.2	110.9	36.97	24.6
151	140x60x5.5	15.71	20.01	140	60	5.5	11	458.3	65.47	47.9	118.7	39.56	24.4
152	140x60x6	16.98	21.63	140	60	6	12	489.1	69.87	47.5	125.9	41.97	24.1
153	140x60x6.5	17.94	22.86	140	60	6.5	16.5	500.2	71.46	46.8	129.4	43.13	23.8
154	140x60x7	19.12	24.36	140	60	7	17.5	524.8	74.97	46.4	135.1	45.03	23.6
155	140x100x4	14.25	18.15	140	100	4	8	503.5	71.93	52.7	300	60	40.7
156	140x100x4.5	15.91	20.27	140	100	4.5	9	556.8	79.54	52.4	331.2	66.25	40.4
157	140x100x5	17.55	22.36	140	100	5	10	608.1	86.87	52.2	361.2	72.24	40.2
158	140x100x5.5	19.16	24.41	140	100	5.5	11	657.3	93.9	51.9	389.8	77.97	40
159	140x100x6	20.75	26.43	140	100	6	12	704.5	100.6	51.6	417.2	83.45	39.7
160	140x100x6.5	22.03	28.06	140	100	6.5	16.5	731.9	104.6	51.1	434.3	86.85	39.3
161	140x100x7	23.52	29.96	140	100	7	17.5	772.4	110.3	50.8	457.8	91.55	39.1
162	140x120x4	15.5	19.75	140	120	4	8	577.5	82.5	54.1	456	76	48.1
163	140x120x4.5	17.32	22.07	140	120	4.5	9	639.4	91.35	53.8	504.6	84.1	47.8
164	140x120x5	19.12	24.36	140	120	5	10	699.2	99.88	53.6	551.4	91.9	47.6
165	140x120x5.5	20.89	26.61	140	120	5.5	11	756.8	108.1	53.3	596.5	99.41	47.3
166	140x120x6	22.63	28.83	140	120	6	12	812.3	116	53.1	639.8	106.6	47.1
167	140x120x6.5	24.07	30.66	140	120	6.5	16.5	847.8	121.11	52.6	668.3	111.4	46.7
168	140x120x7	25.71	32.76	140	120	7	17.5	896.3	128	52.3	706.2	117.7	46.4
169	140x120x7.5	27.33	34.82	140	120	7.5	19	942.5	134.6	52	742.2	123.7	46.2
170	140x120x8	28.92	36.84	140	120	8	20	986.5	140.9	51.7	776.5	129.4	45.9
171	150x100x4	14.87	18.95	150	100	4	8	594.5	79.27	56	318.4	63.68	41
172	150x100x4.5	16.62	21.17	150	100	4.5	9	657.9	87.72	55.8	351.8	70.35	40.8
173	150x100x5	18.33	23.36	150	100	5	10	719	95.87	55.5	383.7	76.75	40.5
174	150x100x5.5	20.03	25.51	150	100	5.5	11	777.9	103.7	55.2	414.4	82.88	40.3
175	150x100x6	21.69	27.63	150	100	6	12	834.4	111.3	55	443.7	88.75	40.1
176	150x100x6.5	23.05	29.36	150	100	6.5	16.5	868.2	115.8	54.4	462.7	92.54	39.7
177	150x100x7	24.62	31.36	150	100	7	17.5	917.1	122.3	54.1	488	97.61	39.5
178	160x40x3	8.96	11.41	160	40	3	6	315.9	39.49	52.6	33.95	16.98	17.3
179	160x40x3.5	10.36	13.19	160	40	3.5	7	360.5	45.07	52.3	38.23	19.12	17
180	160x40x4	11.73	14.95	160	40	4	8	403	50.37	51.9	42.15	21.08	16.8
181	160x40x4.5	13.08	16.67	160	40	4.5	9	443.2	55.4	51.6	45.73	22.86	16.6
182	160x40x5	14.41	18.36	160	40	5	10	481.3	60.16	51.2	48.97	24.48	16.3
183	160x40x5.5	15.71	20.01	160	40	5.5	11	517.3	64.66	50.8	51.89	25.94	16.1
184	160x40x6	16.98	21.63	160	40	6	12	551.2	68.9	50.5	54.5	27.25	15.9
185	160x40x6.5	17.94	22.86	160	40	6.5	16.5	559.7	69.96	49.5	55.43	27.71	15.6
186	160x40x7	19.12	24.36	160	40	7	17.5	585.8	73.22	49	57.26	28.63	15.3
187	160x80x4	14.25	18.15	160	80	4	8	597.6	74.71	57.4	203.4	50.85	33.5
188	160x80x4.5	15.91	20.27	160	80	4.5	9	660.8	82.6	57.1	224.1	56.02	33.3
189	160x80x5	17.55	22.36	160	80	5	10	721.6	90.2	56.8	243.8	60.95	33
190	160x80x5.5	19.16	24.41	160	80	5.5	11	779.9	97.48	56.5	262.6	65.64	32.8
191	160x80x6	20.75	26.43	160	80	6	12	835.8	104.5	56.2	280.4	70.1	32.6
192	160x80x6.5	22.03	28.06	160	80	6.5	16.5	866	108.3	55.6	291.5	72.87	32.2
193	160x80x7	23.52	29.96	160	80	7	17.5	913.5	114.2	55.2	306.6	76.64	32
194	160x100x4	15.5	19.75	160	100	4	8	695	86.87	59.3	336.9	67.37	41.3
195	160x100x4.5	17.32	22.07	160	100	4.5	9	769.6	96.21	59.1	372.3	74.46	41.1
196	160x100x5	19.12	24.36	160	100	5	10	841.7	105.2	58.8	406.3	81.26	40.8
197	160x100x5.5	20.89	26.61	160	100	5.5	11	911.2	113.9	58.5	439	87.79	40.6
198	160x100x6	22.63	28.83	160	100	6	12	978.1	122.3	58.2	470.2	94.05	40.4
199	160x100x6.5	24.07	30.66	160	100	6.5	16.5	1019	127.4	57.7	491.1	98.22	40
200	160x100x7	25.71	32.76	160	100	7	17.5	1077	134.7	57.3	518.3	103.7	39.8
201	160x100x7.5	27.33	34.82	160	100	7.5	19	1133	141.6	57	544.1	108.8	39.5
202	160x100x8	28.92	36.84	160	100	8	20	1186	148.2	56.7	568.6	113.7	39.3
203	160x120x4	16.76	21.35	160	120	4	8	792.3	99.04	60.9	509.8	84.97	48.9
204	160x120x4.5	18.74	23.87	160	120	4.5	9	878.5	109.8	60.7	564.6	94.1	48.6
205	160x120x5	20.69	26.36	160	120	5	10	961.8	120.2	60.4	617.5	102.9	48.4
206	160x120x5.5	22.62	28.81	160	120	5.5	11	1042	130.3	60.2	668.6	111.4	48.2
207	160x120x6	24.52	31.23	160	120	6	12	1120	140	59.9	717.8	119.6	47.9
208	160x120x6.5	26.11	33.26	160	120	6.5	16.5	1172	146.5	59.4	752	125.3	47.6
209	160x120x7	27.91	35.56	160	120	7	17.5	1241	155.2	59.1	795.5	132.6	47.3
210	160x120x7.5	29.69	37.82	160	120	7.5	19	1307	163.4	58.8	837.2	139.5	47
211	160x120x8	31.43	40.04	160	120	8	20	1371	171.3	58.5	876.9	146.1	46.8
212	160x140x5	22.26	28.36	160	140	5	10	1082	135.2	61.8	881.4	125.9	55.8
213	160x140x5.5	24.34	31.01	160	140	5.5	11	1174	146.7	61.5	955.8	136.5	55.5
214	160x140x6	26.4	33.63	160	140	6	12	1263	157.8	61.3	1028	146.8	55.3
215	160x140x6.5	28.15	35.86	160	140	6.5	16.5	1325	165.7	60.8	1079	154.2	54.9
216	160x140x7	30.11	38.36	160	140	7	17.5	1405	175.6	60.5	1144	163.4	54.6
217	160x140x7.5	32.04	40.82	160	140	7.5	19	1482	185.2	60.2	1206	172.3	54.4
218	160x140x8	33.95	43.24	160	140	8	20	1555	194.4	60	1265	180.8	54.1
219	180x60x4	14.25	18.15	180	60	4	8	678.1	75.3	61.1	118.8	39.6	25.6
220	180x60x4.5	15.91	20.27	180	60	4.5	9	749.4	83.3	60.8	130.3	43.4	25.4
221	180x60x5	17.55	22.36	180	60	5	10	817.8	90.9	60.5	141.2	47.1	25.1
222	180x60x5.5	19.16	24.41	180	60	5.5	11	883.3	98.1	60.2	151.4	50.5	24.9
223	180x60x6	20.75	26.43	180	60	6	12	946	105.1	59.8	160.9	53.6	24.7
224	180x60x6.5	22.03	28.06	180	60	6.5	16.5	976.4	108.5	59	166.6	55.5	24.4
225	180x60x7	23.52	29.96	180	60	7	17.5	1029	114.3	58.6	174.4	58.1	24.1
226	180x60x7.5	24.98	31.82	180	60	7.5	19	1078	119.8	58.2	181.6	60.5	23.9
227	180x60x8	26.41	33.64	180	60	8	20	1125	125	57.8	188.2	62.7	23.7
228	180x80x4	15.5	19.75	180	80	4	8	802	89.12	63.7	226.5	56.62	33.9
229	180x80x4.5	17.32	22.07	180	80	4.5	9	888	98.67	63.4	249.7	62.44	33.6
230	180x80x5	19.12	24.36	180	80	5	10	970.9	107.9	63.1	271.9	67.99	33.4
231	180x80x5.5	20.89	26.61	180	80	5.5	11	1051	116.8	62.8	293.1	73.28	33.2
232	180x80x6	22.63	28.83	180	80	6	12	1128	125.3	62.5	313.3	78.31	33
233	180x80x6.5	24.07	30.66	180	80	6.5	16.5	1172	130.2	61.8	326.6	81.65	32.6
234	180x80x7	25.71	32.76	180	80	7	17.5	1238	137.6	61.5	343.9	85.97	32.4
235	180x80x7.5	27.33	34.82	180	80	7.5	19	1301	144.6	61.1	360.1	90.03	32.2
236	180x80x8	28.92	36.84	180	80	8	20	1361	151.3	60.8	375.4	93.85	31.9
237	180x100x4	16.76	21.35	180	100	4	8	926	102.9	65.9	373.7	74.74	41.8
238	180x100x4.5	18.74	23.87	180	100	4.5	9	1027	114.1	65.6	413.3	82.67	41.6
239	180x100x5	20.69	26.36	180	100	5	10	1124	124.9	65.3	451.4	90.29	41.4
240	180x100x5.5	22.62	28.81	180	100	5.5	11	1218	135.4	65	488.1	97.61	41.2
241	180x100x6	24.52	31.23	180	100	6	12	1309	145.5	64.7	523.3	104.7	40.9
242	180x100x6.5	26.11	33.26	180	100	6.5	16.5	1368	152	64.1	547.9	109.6	40.6
243	180x100x7	27.91	35.56	180	100	7	17.5	1448	160.9	63.8	578.8	115.8	40.3
244	180x100x7.5	29.69	37.82	180	100	7.5	19	1525	169.4	63.5	608.3	121.7	40.1
245	180x100x8	31.43	40.04	180	100	8	20	1598	177.6	63.2	636.3	127.3	39.9
246	180x140x4	19.27	24.55	180	140	4	8	1174	130.42	69.1	799.5	114.2	57.1
247	180x140x4.5	21.56	27.47	180	140	4.5	9	1304	144.87	68.9	887.3	126.8	56.8
248	180x140x5	23.83	30.36	180	140	5	10	1430	158.92	68.6	972.6	138.9	56.6
249	180x140x5.5	26.07	33.21	180	140	5.5	11	1553	172.58	68.4	1055	150.7	56.4
250	180x140x6	28.29	36.03	180	140	6	12	1673	185.85	68.1	1135	162.2	56.1
251	180x140x6.5	30.19	38.46	180	140	6.5	16.5	1759	195.45	67.6	1195	170.8	55.7
252	180x140x7	32.31	41.16	180	140	7	17.5	1867	207.43	67.3	1268	181.1	55.5
253	180x140x7.5	34.4	43.82	180	140	7.5	19	1971	218.99	67.1	1338	191.1	55.2
254	180x140x8	36.46	46.44	180	140	8	20	2071	230.15	66.8	1405	200.8	55
255	200x40x4	14.25	18.15	200	40	4	8	738.6	73.86	63.8	52.52	26.26	17
256	200x40x4.5	15.91	20.27	200	40	4.5	9	815.3	81.53	63.4	57.07	28.53	16.8
257	200x40x5	17.55	22.36	200	40	5	10	888.7	88.87	63	61.22	30.61	16.5
258	200x40x5.5	19.16	24.41	200	40	5.5	11	958.8	95.88	62.7	64.98	32.49	16.3
259	200x40x6	20.75	26.43	200	40	6	12	1026	102.6	62.3	68.37	34.19	16.1
260	200x40x6.5	22.03	28.06	200	40	6.5	16.5	1053	105.3	61.3	70.02	35.01	15.8
261	200x40x7	23.52	29.96	200	40	7	17.5	1107	110.7	60.8	72.5	36.25	15.6
262	200x80x4	16.76	21.35	200	80	4	8	1046	104.6	70	249.6	62.4	34.2
263	200x80x4.5	18.74	23.87	200	80	4.5	9	1159	115.9	69.7	275.4	68.85	34
264	200x80x5	20.69	26.36	200	80	5	10	1269	126.9	69.4	300.1	75.02	33.7
265	200x80x5.5	22.62	28.81	200	80	5.5	11	1375	137.5	69.1	323.6	80.91	33.5
266	200x80x6	24.52	31.23	200	80	6	12	1477	147.7	68.8	346.1	86.53	33.3
267	200x80x6.5	26.11	33.26	200	80	6.5	16.5	1539	153.9	68	361.7	90.43	33
268	200x80x7	27.91	35.56	200	80	7	17.5	1629	162.9	67.7	381.2	95.29	32.7
269	200x80x7.5	29.69	37.82	200	80	7.5	19	1714	171.4	67.3	399.6	99.89	32.5
270	200x80x8	31.43	40.04	200	80	8	20	1795	179.5	67	416.9	104.2	32.3
271	200x100x4	18.01	22.95	200	100	4	8	1200	120	72.3	410.6	82.12	42.3
272	200x100x4.5	20.15	25.67	200	100	4.5	9	1331	133.1	72	454.4	90.87	42.1
273	200x100x5	22.26	28.36	200	100	5	10	1459	145.9	71.7	496.6	99.31	41.8
274	200x100x5.5	24.34	31.01	200	100	5.5	11	1583	158.3	71.4	537.2	107.4	41.6
275	200x100x6	26.4	33.63	200	100	6	12	1703	170.3	71.2	576.3	115.3	41.4
276	200x100x6.5	28.15	35.86	200	100	6.5	16.5	1783	178.3	70.5	604.7	120.9	41.1
277	200x100x7	30.11	38.36	200	100	7	17.5	1889	188.9	70.2	639.4	127.9	40.8
278	200x100x7.5	32.04	40.82	200	100	7.5	19	1992	199.2	69.9	672.5	134.5	40.6
279	200x100x8	33.95	43.24	200	100	8	20	2090	209	69.5	704	140.8	40.3
280	200x120x4	19.27	24.55	200	120	4	8	1353	135.3	74.2	617.5	102.9	50.2
281	200x120x4.5	21.56	27.47	200	120	4.5	9	1503	150.3	74	684.7	114.1	49.9
282	200x120x5	23.83	30.36	200	120	5	10	1649	164.9	73.7	749.8	125	49.7
283	200x120x5.5	26.07	33.21	200	120	5.5	11	1791	179.1	73.4	812.8	135.5	49.5
284	200x120x6	28.29	36.03	200	120	6	12	1929	192.9	73.2	873.7	145.6	49.2
285	200x120x6.5	30.19	38.46	200	120	6.5	16.5	2026	202.6	72.6	919.5	153.2	48.9
286	200x120x7	32.31	41.16	200	120	7	17.5	2150	215	72.3	974.3	162.4	48.7
287	200x120x7.5	34.4	43.82	200	120	7.5	19	2270	227	72	1027	171.2	48.4
288	200x120x8	36.46	46.44	200	120	8	20	2385	238.5	71.7	1078	179.6	48.2
289	200x160x5	26.97	34.36	200	160	5	10	2029	202.9	76.9	1442	180.3	64.8
290	200x160x5.5	29.52	37.61	200	160	5.5	11	2207	220.7	76.6	1568	195.9	64.6
291	200x160x6	32.05	40.83	200	160	6	12	2380	238	76.4	1690	211.2	64.3
292	200x160x6.5	34.27	43.66	200	160	6.5	16.5	2513	251.3	75.9	1785	223.1	63.9
293	200x160x7	36.7	46.76	200	160	7	17.5	2672	267.2	75.6	1897	237.1	63.7
294	200x160x7.5	39.11	49.82	200	160	7.5	19	2826	282.6	75.3	2005	250.6	63.4
295	200x160x8	41.48	52.84	200	160	8	20	2975	297.5	75	2110	263.7	63.2
296	200x160x8.5	43.83	55.83	200	160	8.5	21.5	3120	312	74.8	2211	276.4	62.9
297	200x160x9	46.14	58.78	200	160	9	22.5	3260	326	74.5	2309	288.7	62.7
298	200x160x9.5	48.43	61.69	200	160	9.5	24	3395	339.5	74.2	2404	300.5	62.4
299	200x160x10	50.68	64.57	200	160	10	25	3527	352.7	73.9	2496	312	62.2
300	220x100x4	19.27	24.55	220	100	4	8	1519	138.1	78.7	447.4	89.49	42.7
301	220x100x4.5	21.56	27.47	220	100	4.5	9	1687	153.4	78.4	495.4	99.08	42.5
302	220x100x5	23.83	30.36	220	100	5	10	1851	168.3	78.1	541.7	108.34	42.2
303	220x100x5.5	26.07	33.21	220	100	5.5	11	2010	182.7	77.8	586.3	117.26	42
304	220x100x6	28.29	36.03	220	100	6	12	2164	196.7	77.5	629.3	125.86	41.8
305	220x100x6.5	30.19	38.46	220	100	6.5	16.5	2270	206.3	76.8	661.6	132.31	41.5
306	220x100x7	32.31	41.16	220	100	7	17.5	2408	218.9	76.5	699.9	139.99	41.2
307	220x100x7.5	34.4	43.82	220	100	7.5	19	2541	231	76.1	736.6	147.33	41
308	220x100x8	36.46	46.44	220	100	8	20	2669	242.7	75.8	771.7	154.34	40.8
309	220x140x5	26.97	34.36	220	140	5	10	2313	210.3	82.1	1155	165	58
310	220x140x5.5	29.52	37.61	220	140	5.5	11	2516	228.7	81.8	1254	179.2	57.7
311	220x140x6	32.05	40.83	220	140	6	12	2714	246.7	81.5	1351	193	57.5
312	220x140x6.5	34.27	43.66	220	140	6.5	16.5	2862	260.2	81	1427	203.7	57.2
313	220x140x7	36.7	46.76	220	140	7	17.5	3043	276.6	80.7	1515	216.5	56.9
314	220x140x7.5	39.11	49.82	220	140	7.5	19	3218	292.6	80.4	1601	228.7	56.7
315	220x140x8	41.48	52.84	220	140	8	20	3388	308	80.1	1683	240.5	56.4
316	240x120x5	26.97	34.36	240	120	5	10	2579	215	86.6	882	147	50.7
317	240x120x5.5	29.52	37.61	240	120	5.5	11	2805	233.8	86.4	957	159.5	50.4
318	240x120x6	32.05	40.83	240	120	6	12	3026	252.1	86.1	1030	171.6	50.2
319	240x120x6.5	34.27	43.66	240	120	6.5	16.5	3188	265.6	85.4	1087	181.2	49.9
320	240x120x7	36.7	46.76	240	120	7	17.5	3388	282.4	85.1	1153	192.2	49.7
321	240x120x7.5	39.11	49.82	240	120	7.5	19	3583	298.6	84.8	1217	202.8	49.4
322	240x120x8	41.48	52.84	240	120	8	20	3771	314.3	84.5	1278	213.1	49.2
323	240x160x6	35.82	45.63	240	160	6	12	3683	306.9	89.8	1974	246.8	65.8
324	240x160x6.5	38.35	48.86	240	160	6.5	16.5	3896	324.7	89.3	2091	261.4	65.4
325	240x160x7	41.1	52.36	240	160	7	17.5	4148	345.7	89	2224	278.1	65.2
326	240x160x7.5	43.82	55.82	240	160	7.5	19	4394	366.2	88.7	2354	294.2	64.9
327	240x160x8	46.51	59.24	240	160	8	20	4633	386.1	88.4	2480	309.9	64.7
328	240x160x8.5	49.16	62.63	240	160	8.5	21.5	4865	405.4	88.1	2602	325.2	64.5
329	240x160x9	51.79	65.98	240	160	9	22.5	5091	424.2	87.8	2720	340	64.2
330	240x160x9.5	54.39	69.29	240	160	9.5	24	5311	442.5	87.5	2835	354.3	64
331	240x160x10	56.96	72.57	240	160	10	25	5524	460.3	87.2	2946	368.2	63.7
332	240x160x10.5	58.76	74.86	240	160	10.5	31.5	5590	465.8	86.4	2990	373.8	63.2
333	240x160x11	61.2	77.97	240	160	11	33	5777	481.4	86.1	3088	386.1	62.9
334	240x160x11.5	63.61	81.03	240	160	11.5	34.5	5957	496.4	85.7	3183	397.8	62.7
335	240x160x12	65.99	84.06	240	160	12	36	6130	510.9	85.4	3273	409.2	62.4
336	250x150x6	35.82	45.63	250	150	6	12	3885	310.8	92.3	1768	235.7	62.2
337	250x150x6.5	38.35	48.86	250	150	6.5	16.5	4109	328.7	91.7	1872	249.6	61.9
338	250x150x7	41.1	52.36	250	150	7	17.5	4375	350	91.4	1991	265.4	61.7
339	250x150x7.5	43.82	55.82	250	150	7.5	19	4633	370.7	91.1	2106	280.8	61.4
340	250x150x8	46.51	59.24	250	150	8	20	4885	390.8	90.8	2217	295.7	61.2
341	260x130x6	34.88	44.43	260	130	6	12	3888	299	93.5	1326	204	54.6
342	260x130x6.5	37.33	47.56	260	130	6.5	16.5	4106	315.8	92.9	1403	215.8	54.3
343	260x130x7	40	50.96	260	130	7	17.5	4369	336.1	92.6	1490	229.2	54.1
344	260x130x7.5	42.64	54.32	260	130	7.5	19	4625	355.8	92.3	1574	242.2	53.8
345	260x130x8	45.25	57.64	260	130	8	20	4874	374.9	92	1656	254.8	53.6
346	260x130x8.5	47.83	60.93	260	130	8.5	21.5	5116	393.5	91.6	1735	266.9	53.4
347	260x130x9	50.38	64.18	260	130	9	22.5	5350	411.6	91.3	1811	278.6	53.1
348	260x130x9.5	52.9	67.39	260	130	9.5	24	5578	429.1	91	1885	290	52.9
349	260x130x10	55.39	70.57	260	130	10	25	5799	446	90.6	1956	300.9	52.6
350	260x130x10.5	57.12	72.76	260	130	10.5	31.5	5848	449.8	89.6	1982	305	52.2
351	260x130x11	59.48	75.77	260	130	11	33	6038	464.5	89.3	2044	314.5	51.9
352	260x130x11.5	61.81	78.73	260	130	11.5	34.5	6221	478.6	88.9	2103	323.6	51.7
353	260x130x12	64.1	81.66	260	130	12	36	6397	492.1	88.5	2160	332.3	51.4
354	300x100x6	35.82	45.63	300	100	6	12	4777	318.4	102.3	841.4	168.3	42.9
355	300x100x6.5	38.35	48.86	300	100	6.5	16.5	5038	335.9	101.5	888.9	177.8	42.7
356	300x100x7	41.1	52.36	300	100	7	17.5	5360	357.3	101.2	942.1	188.4	42.4
357	300x100x7.5	43.82	55.82	300	100	7.5	19	5673	378.2	100.8	993.3	198.7	42.2
358	300x100x8	46.51	59.24	300	100	8	20	5977	398.5	100.4	1043	208.5	42
359	300x100x8.5	49.16	62.63	300	100	8.5	21.5	6273	418.2	100.1	1090	218	41.7
360	300x100x9	51.79	65.98	300	100	9	22.5	6559	437.3	99.7	1135	227	41.5
361	300x100x9.5	54.39	69.29	300	100	9.5	24	6836	455.8	99.3	1179	235.7	41.2
362	300x100x10	56.96	72.57	300	100	10	25	7105	473.7	99	1220	244	41
363	300x200x6	45.24	57.63	300	200	6	12	7370	491.3	113.1	3961	396.1	82.9
364	300x200x6.5	48.56	61.86	300	200	6.5	16.5	7838	522.5	112.6	4217	421.7	82.6
365	300x200x7	52.09	66.36	300	200	7	17.5	8365	557.7	112.3	4497	449.7	82.3
366	300x200x7.5	55.59	70.82	300	200	7.5	19	8882	592.1	112	4771	477.1	82.1
367	300x200x8	59.07	75.24	300	200	8	20	9388	625.9	111.7	5039	503.9	81.8
368	300x200x8.5	62.51	79.63	300	200	8.5	21.5	9884	658.9	111.4	5302	530.2	81.6
369	300x200x9	65.92	83.98	300	200	9	22.5	10370.001	691.3	111.1	5558	555.8	81.4
370	300x200x9.5	69.31	88.29	300	200	9.5	24	10845.001	723	110.8	5809	580.9	81.1
371	300x200x10	72.66	92.57	300	200	10	25	11310.001	754	110.5	6054	605.4	80.9
372	300x200x10.5	75.25	95.86	300	200	10.5	31.5	11547.001	769.8	109.8	6195	619.5	80.4
373	300x200x11	78.47	99.97	300	200	11	33	11970.001	798	109.4	6418	641.8	80.1
374	300x200x11.5	81.67	104	300	200	11.5	34.5	12383.001	825.5	109.1	6636	663.6	79.9
375	300x200x12	84.83	108.1	300	200	12	36	12784.001	852.3	108.8	6847	684.7	79.6
376	320x180x6	45.24	57.63	320	180	6	12	8012	500.8	117.9	3308	367.5	75.8
377	320x180x6.5	48.56	61.86	320	180	6.5	16.5	8517	532.3	117.3	3520	391.1	75.4
378	320x180x7	52.09	66.36	320	180	7	17.5	9089	568.1	117	3752	416.9	75.2
379	320x180x7.5	55.59	70.82	320	180	7.5	19	9650	603.1	116.7	3979	442.2	75
380	320x180x8	59.07	75.24	320	180	8	20	10200	637.5	116.4	4201	466.8	74.7
381	320x180x8.5	62.51	79.63	320	180	8.5	21.5	10738.001	671.1	116.1	4418	490.9	74.5
382	320x180x9	65.92	83.98	320	180	9	22.5	11265.001	704	115.8	4630	514.4	74.2
383	320x180x9.5	69.31	88.29	320	180	9.5	24	11780.001	736.3	115.5	4836	537.4	74
384	320x180x10	72.66	92.57	320	180	10	25	12285.001	767.8	115.2	5038	559.7	73.8
385	320x180x10.5	75.25	95.86	320	180	10.5	31.5	12530	783.1	114.3	5155	572.7	73.3
386	320x180x11	78.47	99.97	320	180	11	33	12988.001	811.7	114	5338	593.1	73.1
387	320x180x11.5	81.67	104	320	180	11.5	34.5	13434.001	839.6	113.6	5517	613	72.8
388	320x180x12	84.83	108.1	320	180	12	36	13867.001	866.7	113.3	5690	632.2	72.6
389	350x250x6	54.66	69.63	350	250	6	12	12456.001	711.8	133.7	7457	596.6	103.5
390	350x250x6.5	58.76	74.86	350	250	6.5	16.5	13293.001	759.6	133.3	7963	637	103.1
391	350x250x7	63.08	80.36	350	250	7	17.5	14210.001	812	133	8508	680.6	102.9
392	350x250x7.5	67.37	85.82	350	250	7.5	19	15112.001	863.5	132.7	9044	723.5	102.7
393	350x250x8	71.63	91.24	350	250	8	20	15999.001	914.3	132.4	9570	765.6	102.4
394	350x250x8.5	75.85	96.63	350	250	8.5	21.5	16872	964.1	132.1	10087	807	102.2
395	350x250x9	80.05	102	350	250	9	22.5	17731	1013	131.9	10595.001	847.6	101.9
396	350x250x9.5	84.22	107.3	350	250	9.5	24	18575	1061	131.6	11094	887.5	101.7
397	350x250x10	88.36	112.6	350	250	10	25	19404	1109	131.3	11583.001	926.7	101.4
398	350x250x10.5	91.73	116.9	350	250	10.5	31.5	19923	1138	130.6	11912.001	952.9	101
399	350x250x11	95.74	122	350	250	11	33	20694.002	1183	130.3	12368.001	989.5	100.7
400	350x250x11.5	99.72	127	350	250	11.5	34.5	21451.002	1226	129.9	12815.001	1025	100.4
401	350x250x12	103.7	132.1	350	250	12	36	22191.002	1268	129.6	13253	1060	100.2
402	350x300x6	59.37	75.63	350	300	6	12	14232.001	813.2	137.2	11259.001	750.6	122
403	350x300x6.5	63.87	81.36	350	300	6.5	16.5	15210.001	869.2	136.7	12037.001	802.5	121.6
404	350x300x7	68.58	87.36	350	300	7	17.5	16269.001	929.6	136.5	12872.001	858.1	121.4
405	350x300x7.5	73.26	93.32	350	300	7.5	19	17312	989.2	136.2	13694.001	912.9	121.1
406	350x300x8	77.91	99.24	350	300	8	20	18339	1048	135.9	14504.001	966.9	120.9
407	350x300x8.5	82.53	105.1	350	300	8.5	21.5	19351	1106	135.7	15301.001	1020	120.6
408	350x300x9	87.12	111	350	300	9	22.5	20347	1163	135.4	16086.001	1072	120.4
409	350x300x9.5	91.68	116.8	350	300	9.5	24	21328.002	1219	135.1	16858	1124	120.1
410	350x300x10	96.21	122.6	350	300	10	25	22294.002	1274	134.9	17618	1175	119.9
411	350x300x10.5	99.98	127.4	350	300	10.5	31.5	22948.002	1311	134.2	18147	1210	119.4
412	350x300x11	104.4	133	350	300	11	33	23855.002	1363	133.9	18861	1257	119.1
413	350x300x11.5	108.7	138.5	350	300	11.5	34.5	24745	1414	133.6	19561	1304	118.8
414	350x300x12	113.1	144.1	350	300	12	36	25619	1464	133.4	20249	1350	118.6
415	380x220x6	54.66	69.63	380	220	6	12	13885.001	730.8	141.2	6011	546.4	92.9
416	380x220x6.5	58.76	74.86	380	220	6.5	16.5	14810.001	779.5	140.7	6418	583.4	92.6
417	380x220x7	63.08	80.36	380	220	7	17.5	15831.001	833.2	140.4	6854	623.1	92.4
418	380x220x7.5	67.37	85.82	380	220	7.5	19	16836	886.1	140.1	7282	662	92.1
419	380x220x8	71.63	91.24	380	220	8	20	17824	938.1	139.8	7703	700.3	91.9
420	380x220x10	88.36	112.6	380	220	10	25	23000.002	1150	142.9	7859	785.9	83.6
421	380x220x10.5	91.73	116.9	380	220	10.5	31.5	23577.002	1179	142	8080	808	83.2
422	400x200x11	95.74	122	400	200	11	33	24485.002	1224	141.7	8383	838.3	82.9
423	400x200x11.5	99.72	127	400	200	11.5	34.5	25374.002	1269	141.3	8679	867.9	82.7
424	400x200x12	103.7	132.1	400	200	12	36	26245	1312	141	8968	896.8	82.4
