#	имя	Вес		D	s	Iy	Wy	iy
1	57.0x3.0	4	5.09	57	3	18.61	6.53	19.12
2	57.0x3.2	4.25	5.41	57	3.2	19.64	6.89	19.05
3	57.0x3.5	4.62	5.88	57	3.5	21.14	7.42	18.96
4	60.0x3.0	4.22	5.37	60	3	21.88	7.29	20.18
5	60.0x3.2	4.48	5.71	60	3.2	23.1	7.7	20.11
6	60.0x3.5	4.88	6.21	60	3.5	24.88	8.29	20.01
7	60.0x3.8	5.27	6.71	60	3.8	26.61	8.87	19.92
8	63.5x3.0	4.48	5.37	60	3	26.15	8.24	20.18
9	63.5x3.2	4.76	5.71	60	3.2	27.63	8.7	20.11
10	63.5x3.5	5.18	6.21	60	3.5	29.79	9.38	20.01
11	63.5x3.8	5.59	6.71	60	3.8	31.88	10.04	19.92
12	70.0x3.0	4.96	6.31	70	3	35.5	10.14	23.71
13	70.0x3.2	5.27	6.72	70	3.2	37.54	10.73	23.64
14	70.0x3.5	5.74	7.31	70	3.5	40.53	11.58	23.54
15	70.0x3.8	6.2	7.9	70	3.8	43.44	12.41	23.44
16	70.0x4.0	6.51	8.29	70	4	45.33	12.95	23.38
17	73.0x3.0	5.18	6.6	73	3	40.48	11.09	24.77
18	73.0x3.2	5.51	7.02	73	3.2	42.82	11.73	24.7
19	73.0x3.5	6	7.64	73	3.5	46.26	12.67	24.6
20	73.0x3.8	6.48	8.26	73	3.8	49.6	13.59	24.5
21	73.0x4.0	6.81	8.67	73	4	51.78	14.19	24.44
22	76.0x3.0	5.4	6.88	76	3	45.91	12.08	25.83
23	76.0x3.2	5.75	7.32	76	3.2	48.58	12.78	25.76
24	76.0x3.5	6.26	7.97	76	3.5	52.5	13.82	25.66
25	76.0x3.8	6.77	8.62	76	3.8	56.32	14.82	25.56
26	76.0x4.0	7.1	9.05	76	4	58.81	15.48	25.5
27	76.0x4.5	7.93	10.11	76	4.5	64.85	17.07	25.33
28	76.0x5.0	8.75	11.15	76	5	70.62	18.59	25.16
29	76.0x5.5	9.56	12.18	76	5.5	76.14	20.04	25
30	83.0x3.0	5.92	7.54	83	3	60.4	14.56	28.3
31	83.0x3.2	6.3	8.02	83	3.2	63.96	15.41	28.24
32	83.0x3.5	6.86	8.74	83	3.5	69.19	16.67	28.13
33	83.0x3.8	7.42	9.45	83	3.8	74.3	17.9	28.03
34	83.0x4.0	7.79	9.93	83	4	77.64	18.71	27.97
35	83.0x4.5	8.71	11.1	83	4.5	85.76	20.67	27.8
36	83.0x5.0	9.62	12.25	83	5	93.56	22.54	27.63
37	83.0x5.5	10.51	13.39	83	5.5	101.04	24.35	27.47
38	89.0x3.0	6.36	8.11	89	3	75.02	16.86	30.42
39	89.0x3.2	6.77	8.63	89	3.2	79.48	17.86	30.36
40	89.0x3.5	7.38	9.4	89	3.5	86.05	19.34	30.25
41	89.0x3.8	7.98	10.17	89	3.8	92.48	20.78	30.15
42	89.0x4.0	8.38	10.68	89	4	96.68	21.73	30.09
43	89.0x4.5	9.38	11.95	89	4.5	106.92	24.03	29.92
44	89.0x5.0	10.36	13.19	89	5	116.79	26.24	29.75
45	89.0x5.5	11.33	14.43	89	5.5	126.29	28.38	29.59
46	95.0x3.2	7.24	9.23	95	3.2	97.33	20.49	32.48
47	95.0x5.0	11.1	14.14	95	5	143.58	30.23	31.87
48	102.0x3.0	7.32	9.33	102	3	114.42	22.43	35.02
49	102.0x3.2	7.8	9.93	102	3.2	121.32	23.79	34.95
50	102.0x3.5	8.5	10.83	102	3.5	131.52	25.79	34.85
51	102.0x3.8	9.2	11.72	102	3.8	141.52	27.75	34.74
52	102.0x4.0	9.67	12.32	102	4	148.09	29.04	34.68
53	102.0x4.5	10.82	13.78	102	4.5	164.14	32.18	34.51
54	102.0x5.0	11.96	15.24	102	5	179.68	35.23	34.34
55	102.0x5.5	13.09	16.67	102	5.5	194.72	38.18	34.17
56	108.0x3.0	7.77	9.9	108	3	136.49	25.28	37.14
57	108.0x3.2	8.27	10.54	108	3.2	144.78	26.81	37.07
58	108.0x3.5	9.02	11.49	108	3.5	157.02	28.08	36.97
59	108.0x3.8	9.76	12.44	108	3.8	169.05	31.31	36.86
60	108.0x4.0	10.26	13.07	108	4	176.95	32.77	36.8
61	108.0x4.5	11.49	14.63	108	4.5	196.3	36.35	36.63
62	108.0x5.0	12.7	16.18	108	5	215.06	39.83	36.46
63	108.0x5.5	13.9	17.71	108	5.5	233.26	43.2	36.29
64	114.0x3.0	8.21	10.46	114	3	161.24	28.29	39.26
65	114.0x3.2	8.74	11.14	114	3.2	171.08	30.01	39.19
66	114.0x3.5	9.54	12.15	114	3.5	185.63	32.57	39.09
67	114.0x3.8	10.33	13.16	114	3.8	199.94	35.08	38.98
68	114.0x4.0	10.85	13.82	114	4	209.35	36.73	38.92
69	114.0x4.5	12.15	15.48	114	4.5	232.41	40.77	38.75
70	114.0x5.0	13.44	17.12	114	5	254.81	44.7	38.58
71	114.0x5.5	14.72	18.75	114	5.5	276.58	48.52	38.41
72	127.0x3.0	9.17	11.69	127	3	224.75	35.39	43.85
73	127.0x3.2	9.77	12.45	127	3.2	238.6	37.57	43.78
74	127.0x3.5	10.66	13.58	127	3.5	259.11	40.8	43.68
75	127.0x3.8	11.55	14.71	127	3.8	279.31	43.99	43.58
76	127.0x4.0	12.13	15.46	127	4	292.61	46.08	43.51
77	127.0x4.5	13.59	17.32	127	4.5	325.29	51.23	43.34
78	127.0x5.0	15.04	19.16	127	5	357.14	56.24	43.17
79	127.0x5.5	16.48	20.99	127	5.5	388.19	61.13	43
80	133.0x3.0	9.62	12.25	133	3	258.97	38.94	45.97
81	133.0x3.2	10.24	13.05	133	3.2	274.98	41.35	45.91
82	133.0x3.5	11.18	14.24	133	3.5	298.71	44.92	45.8
83	133.0x3.8	12.11	15.42	133	3.8	322.11	48.44	45.7
84	133.0x4.0	12.73	16.21	133	4	337.53	50.76	45.63
85	133.0x4.5	14.26	18.17	133	4.5	375.42	56.45	45.46
86	133.0x5.0	15.78	20.11	133	5	412.4	62.02	45.29
87	133.0x5.5	17.29	22.03	133	5.5	448.5	67.44	45.12
88	140.0x3.0	10.14	12.91	140	3	303.08	43.3	48.45
89	140.0x3.2	10.8	13.75	140	3.2	321.89	45.98	48.38
90	140.0x3.5	11.78	15.01	140	3.5	349.79	49.97	48.28
91	140.0x3.8	12.76	16.26	140	3.8	377.32	53.9	48.17
92	140.0x4.0	13.42	17.09	140	4	395.47	56.5	48.1
93	140.0x4.5	15.04	19.16	140	4.5	440.12	62.87	47.93
94	140.0x5.0	16.65	21.21	140	5	483.76	69.11	47.76
95	140.0x5.5	18.24	23.24	140	5.5	526.4	75.2	47.59
96	152.0x3.0	11.02	14.04	152	3	389.87	51.3	52.69
97	152.0x3.2	11.74	14.96	152	3.2	414.21	54.5	52.62
98	152.0x3.5	12.82	16.33	152	3.5	450.35	59.26	52.52
99	152.0x3.8	13.89	17.69	152	3.8	486.04	63.95	52.41
100	152.0x4.0	14.6	18.6	152	4	509.59	67.05	52.35
101	152.0x4.5	16.37	20.85	152	4.5	567.61	74.69	52.17
102	152.0x5.0	18.13	23.09	152	5	624.43	82.16	52
103	152.0x5.5	19.87	25.31	152	5.5	680.06	89.48	51.83
104	159.0x3.0	11.54	14.7	159	3	447.42	56.28	55.16
105	159.0x3.2	12.3	15.66	159	3.2	475.44	59.8	55.1
106	159.0x3.5	13.42	17.1	159	3.5	517.06	65.04	54.99
107	159.0x3.8	14.54	18.53	159	3.8	558.19	70.21	54.89
108	159.0x4.0	15.29	19.48	159	4	585.33	73.63	54.82
109	159.0x4.5	17.15	21.84	159	4.5	652.27	82.05	54.65
110	159.0x5.0	18.99	24.19	159	5	717.88	90.3	54.48
111	159.0x5.5	20.82	26.52	159	5.5	782.18	98.39	54.31
112	159.0x6.0	22.64	28.84	159	6	845.19	106.31	54.14
113	159.0x7.0	26.24	33.43	159	7	967.41	121.69	53.8
114	159.0x8.0	29.79	37.95	159	8	1084.67	136.44	53.46
115	168.0x3.0	12.21	15.55	168	3	529.39	63.02	58.35
116	168.0x3.2	13.01	16.57	168	3.2	562.66	66.98	58.28
117	168.0x3.5	14.2	18.09	168	3.5	612.1	72.87	58.17
118	168.0x3.8	15.39	19.6	168	3.8	660.99	78.69	58.07
119	168.0x4.0	16.18	20.61	168	4	693.28	82.53	58
120	168.0x4.5	18.14	23.11	168	4.5	772.95	92.02	57.83
121	168.0x5.0	20.1	25.6	168	5	851.14	101.33	57.66
122	168.0x5.5	22.04	28.08	168	5.5	927.85	110.46	57.49
123	168.0x6.0	23.97	30.54	168	6	1003.12	119.42	57.31
124	168.0x7.0	27.79	35.41	168	7	1149.36	136.83	56.98
125	168.0x8.0	31.57	40.21	168	8	1290.01	153.57	56.64
126	177.8x3.0	12.93	16.47	177.8	3	629.41	70.8	61.81
127	177.8x3.2	13.78	17.55	177.8	3.2	669.1	75.26	61.74
128	177.8x3.5	15.04	19.17	177.8	3.5	728.11	81.9	61.64
129	177.8x3.8	16.31	20.77	177.8	3.8	786.5	88.47	61.53
130	177.8x4.0	17.14	21.84	177.8	4	825.09	92.81	61.46
131	177.8x4.5	19.23	24.5	177.8	4.5	920.37	103.53	61.29
132	177.8x5.0	21.31	27.14	177.8	5	1013.97	114.06	61.12
133	177.8x5.5	23.37	29.77	177.8	5.5	1105.91	124.4	60.95
134	177.8x6.0	25.42	32.38	177.8	6	1196.22	134.56	60.78
135	177.8x7.0	29.49	37.56	177.8	7	1371.99	154.33	60.44
136	177.8x8.0	33.5	42.68	177.8	8	1541.44	173.39	60.1
137	180.0x4.0	17.36	22.12	180	4	856.8	95.2	62.24
138	180.0x5.0	21.58	27.49	180	5	1053.17	117.02	61.9
139	193.7x3.0	14.11	17.97	193.7	3	817.22	84.38	67.43
140	193.7x3.2	15.03	19.15	193.7	3.2	868.99	89.73	67.36
141	193.7x3.5	16.42	20.91	193.7	3.5	946.03	97.68	67.26
142	193.7x3.8	17.8	22.67	193.7	3.8	1022.33	105.56	67.15
143	193.7x4.0	18.71	23.84	193.7	4	1072.79	110.77	67.08
144	193.7x4.5	21	26.75	193.7	4.5	1197.52	123.65	66.91
145	193.7x5.0	23.27	29.64	193.7	5	1320.23	136.32	66.74
146	193.7x5.5	25.53	32.52	193.7	5.5	1440.96	148.78	66.57
147	193.7x6.0	27.77	35.38	193.7	6	1559.72	161.05	66.4
148	193.7x7.0	31.23	41.06	193.7	7	1791.43	184.97	66.05
149	193.7x8.0	36.64	46.67	193.7	8	2015.54	208.11	65.72
150	219.0x3.0	15.98	20.36	219	3	1187.48	108.45	76.37
151	219.0x3.2	17.03	21.69	219	3.2	1263.16	115.36	76.31
152	219.0x3.5	18.6	23.7	219	3.5	1375.89	125.65	76.2
153	219.0x3.8	20.17	25.69	219	3.8	1487.67	135.86	76.1
154	219.0x4.0	21.21	27.02	219	4	1561.66	142.62	76.03
155	219.0x4.5	23.8	30.32	219	4.5	1744.8	159.34	75.85
156	219.0x5.0	26.39	33.62	219	5	1925.34	175.83	75.68
157	219.0x5.5	28.96	36.89	219	5.5	2103.31	192.08	75.51
158	219.0x6.0	31.52	40.15	219	6	2278.74	208.1	75.34
159	219.0x7.0	36.6	46.62	219	7	2622.03	239.46	74.99
160	219.0x8.0	41.63	53.03	219	8	2955.43	269.9	74.65
161	219.0x9.0	46.61	59.38	219	9	3279.12	299.46	74.31
162	219.0x10.0	51.54	65.66	219	10	3593.28	328.15	73.98
163	219.0x11.0	56.43	71.88	219	11	3898.12	355.99	73.64
164	219.0x12.0	61.26	78.04	219	12	4193.81	383	73.31
165	219.0x13.0	66.04	84.13	219	13	4480.54	409.18	72.98
166	219.0x14.0	70.78	90.16	219	14	4758.5	434.57	72.65
167	219.0x16.0	80.1	102.04	219	16	5288.8	483	71.99
168	219.0x17.0	84.69	107.88	219	17	5541.5	506.07	71.67
169	219.0x17.5	86.96	110.78	219	17.5	5664.82	517.34	71.51
170	219.0x18.0	89.23	113.66	219	18	5786.14	528.41	71.35
171	219.0x19.0	93.71	119.38	219	19	6022.89	550.04	71.03
172	219.0x20.0	98.15	125.04	219	20	6251.92	570.95	70.71
173	244.5x3.0	17.87	22.76	244.5	3	1659.58	135.75	85.39
174	244.5x3.2	19.04	24.26	244.5	3.2	1765.87	144.45	85.32
175	244.5x3.5	20.8	26.5	244.5	3.5	1924.29	157.41	85.22
176	244.5x3.8	22.56	28.73	244.5	3.8	2081.52	170.27	85.11
177	244.5x4.0	23.72	30.22	244.5	4	2185.67	178.79	85.04
178	244.5x4.5	26.63	33.93	244.5	4.5	2443.76	199.9	84.87
179	244.5x5.0	29.53	37.62	244.5	5	2698.58	220.74	84.69
180	244.5x5.5	32.42	41.3	244.5	5.5	2950.16	241.32	84.52
181	244.5x6.0	35.29	44.96	244.5	6	3198.53	261.64	84.35
182	244.5x7.0	41	52.23	244.5	7	3685.75	301.49	84.01
183	244.5x8.0	46.66	59.44	244.5	8	4160.44	340.32	83.66
184	244.5x9.0	52.27	66.59	244.5	9	4622.84	378.15	83.32
185	273.0x3.0	19.98	25.45	273	3	2319.13	169.9	95.47
186	273.0x3.2	21.29	27.12	273	3.2	2468.29	180.83	95.4
187	273.0x3.5	23.26	29.63	273	3.5	2690.77	197.13	95.29
188	273.0x3.8	25.23	32.14	273	3.8	2911.75	213.32	95.19
189	273.0x4.0	26.54	33.8	273	4	3058.25	224.05	95.12
190	273.0x4.5	29.8	37.96	273	4.5	3421.58	250.67	94.94
191	273.0x5.0	33.05	42.1	273	5	3780.811	276.98	94.77
192	273.0x5.5	36.28	46.22	273	5.5	4135.97	303	94.6
193	273.0x6.0	39.51	50.33	273	6	4487.08	328.72	94.42
194	273.0x7.0	45.92	58.5	273	7	5177.3	379.29	94.08
195	273.0x8.0	52.28	66.6	273	8	5851.71	428.7	93.73
196	273.0x9.0	58.6	74.64	273	9	6510.561	476.96	93.39
197	273.0x10.0	64.86	82.62	273	10	7154.09	524.11	93.05
198	273.0x11.0	71.07	90.54	273	11	7782.53	570.15	92.71
199	273.0x12.0	77.24	98.39	273	12	8396.13	615.1	92.37
200	273.0x13.0	83.36	106.19	273	13	8995.13	658.98	92.04
201	273.0x14.0	89.42	113.91	273	14	9579.74	701.81	91.7
202	273.0x16.0	101.41	129.18	273	16	10706.781	784.38	91.04
203	273.0x17.0	107.33	136.72	273	17	11249.66	824.15	90.71
204	273.0x17.5	110.27	140.47	273	17.5	11516.03	843.67	90.54
205	273.0x18.0	113.2	144.2	273	18	11779.071	862.94	90.38
206	273.0x19.0	119.02	151.61	273	19	12295.26	900.75	90.05
207	273.0x20.0	124.79	158.96	273	20	12798.431	937.61	89.73
208	273.0x21.0	130.51	166.25	273	21	13288.81	973.54	89.4
209	273.0x22.0	136.18	173.48	273	22	13766.612	1008.54	89.08
210	325.0x3.5	27.75	35.35	325	3.5	4567.96	281.11	113.67
211	325.0x3.8	30.1	38.35	325	3.8	4945.73	304.35	113.57
212	325.0x4.0	31.67	40.34	325	4	5196.39	319.78	113.5
213	325.0x4.5	35.57	45.31	325	4.5	5818.91	358.09	113.33
214	325.0x5.0	39.46	50.27	325	5	6435.55	396.03	113.15
215	325.0x5.5	43.34	55.21	325	5.5	7046.34	433.62	112.98
216	325.0x6.0	47.2	60.13	325	6	7651.32	470.85	112.8
217	325.0x7.0	54.9	69.93	325	7	8844.01	544.25	112.46
218	325.0x8.0	62.54	79.67	325	8	10013.91	616.24	112.11
219	325.0x9.0	70.14	89.35	325	9	11161.32	686.85	111.77
220	325.0x10.0	77.68	98.96	325	10	12286.51	756.09	111.43
221	325.0x11.0	85.18	108.51	325	11	13389.791	823.99	111.08
222	325.0x12.0	92.63	118	325	12	14471.44	890.55	110.74
223	325.0x13.0	100.03	127.42	325	13	15531.741	955.8	110.4
224	325.0x14.0	107.38	136.78	325	14	16570.971	1019.75	110.07
225	325.0x16.0	121.93	155.32	325	16	18587.359	1143.84	109.39
226	325.0x17.0	129.13	164.49	325	17	19565.08	1204	109.06
227	325.0x17.5	132.71	169.06	325	17.5	20046.439	1233.63	108.89
228	325.0x18.0	136.28	173.6	325	18	20522.85	1262.94	108.73
229	325.0x19.0	143.38	182.65	325	19	21460.93	1320.67	108.4
230	325.0x20.0	150.44	191.64	325	20	22379.609	1377.21	108.07
231	325.0x21.0	157.44	200.56	325	21	23279.152	1432.56	107.74
232	325.0x22.0	164.39	209.42	325	22	24159.811	1486.76	107.41
233	355.6x4.0	34.68	44.18	355.6	4	6828.45	384.05	124.32
234	355.6x4.5	38.96	49.64	355.6	4.5	7649.55	430.23	124.14
235	355.6x5.0	43.23	55.07	355.6	5	8463.57	476.02	123.97
236	355.6x5.5	47.49	60.49	355.6	5.5	9270.551	521.4	123.79
237	355.6x6.0	51.73	65.9	355.6	6	10070.54	566.4	123.62
238	355.6x7.0	60.18	76.66	355.6	7	11649.7	655.21	123.27
239	355.6x8.0	68.58	87.36	355.6	8	13201.361	742.48	122.93
240	355.6x9.0	76.93	98	355.6	9	14725.851	828.23	122.58
241	355.6x10.0	85.23	108.57	355.6	10	16223.492	912.46	122.24
242	355.6x11.0	93.48	119.09	355.6	11	17694.582	995.2	121.9
243	355.6x12.0	101.68	129.53	355.6	12	19139.461	1076.46	121.56
244	355.6x13.0	109.54	139.92	355.6	13	20558.422	1156.27	121.21
245	355.6x14.0	117.94	150.24	355.6	14	21951.789	1234.63	120.88
246	355.6x16.0	134	170.7	355.6	16	24662.984	1387.12	120.2
247	355.6x17.0	141.96	180.84	355.6	17	25981.412	1461.27	119.86
248	355.6x17.5	145.92	185.88	355.6	17.5	26631.461	1497.83	119.7
249	355.6x18.0	149.86	190.91	355.6	18	27275.471	1534.05	119.53
250	355.6x19.0	157.72	200.92	355.6	19	28545.463	1605.48	119.2
251	355.6x20.0	165.53	210.86	355.6	20	29791.682	1675.57	118.86
252	355.6x21.0	173.29	220.75	355.6	21	31014.439	1744.34	118.53
253	355.6x22.0	181	230.57	355.6	22	32214.031	1811.81	118.2
254	377.0x4.0	36.79	46.87	377	4	8152.601	432.5	131.88
255	377.0x4.5	41.34	52.66	377	4.5	9135.12	484.62	131.71
256	377.0x5.0	45.87	58.43	377	5	10109.671	536.32	131.53
257	377.0x5.5	50.39	64.19	377	5.5	11076.281	587.6	131.36
258	377.0x6.0	54.9	69.93	377	6	12035.001	638.46	131.19
259	377.0x7.0	63.87	81.37	377	7	13928.941	738.94	130.84
260	377.0x8.0	72.8	92.74	377	8	15791.841	837.76	130.49
261	377.0x9.0	81.68	104.05	377	9	17624.031	934.96	130.15
262	377.0x10.0	90.51	115.3	377	10	19425.85	1030.55	129.8
263	377.0x11.0	99.29	126.48	377	11	21197.643	1124.54	129.46
264	377.0x12.0	108.02	137.6	377	12	22939.74	1216.96	129.12
265	377.0x13.0	116.7	148.66	377	13	24652.482	1307.82	128.78
266	377.0x14.0	125.33	159.66	377	14	26336.191	1397.15	128.44
267	377.0x16.0	142.44	181.46	377	16	29617.842	1571.24	127.76
268	377.0x17.0	150.93	192.27	377	17	31216.439	1656.04	127.42
269	377.0x17.5	155.15	197.65	377	17.5	32005.32	1697.89	127.25
270	377.0x18.0	159.36	203.01	377	18	32787.309	1739.38	127.09
271	377.0x19.0	167.75	213.69	377	19	34330.789	1821.26	126.75
272	377.0x20.0	176.08	224.31	377	20	35847.191	1901.71	126.42
273	377.0x21.0	184.37	234.87	377	21	37336.828	1980.73	126.08
274	377.0x22.0	192.61	245.36	377	22	38800.02	2058.36	125.75
275	406.4x4.0	39.7	50.57	406.4	4	10236.14	503.75	142.28
276	406.4x4.5	44.6	56.82	406.4	4.5	11473.091	564.62	142.1
277	406.4x5.0	49.5	63.05	406.4	5	12700.74	625.04	141.93
278	406.4x5.5	54.38	69.27	406.4	5.5	13919.13	685	141.75
279	406.4x6.0	59.25	75.47	406.4	6	15128.31	744.5	141.58
280	406.4x7.0	68.95	87.83	406.4	7	17519.23	862.17	141.23
281	406.4x8.0	78.6	100.13	406.4	8	19873.883	978.05	140.88
282	406.4x9.0	88.2	112.36	406.4	9	22192.611	1092.16	140.54
283	406.4x10.0	97.76	124.53	406.4	10	24475.789	1204.52	140.19
284	406.4x11.0	107.26	136.64	406.4	11	26723.801	1315.15	139.85
285	406.4x12.0	116.72	148.69	406.4	12	28936.99	1424.06	139.51
286	406.4x13.0	126.12	160.67	406.4	13	31115.721	1531.29	139.16
287	406.4x14.0	135.48	172.59	406.4	14	33260.371	1636.83	138.82
288	406.4x16.0	154.05	196.24	406.4	16	37448.793	1842.95	138.14
289	406.4x17.0	163.25	207.97	406.4	17	39493.281	1943.57	137.8
290	406.4x17.5	167.84	213.81	406.4	17.5	40503.254	1993.27	137.64
291	406.4x18.0	172.41	219.64	406.4	18	41505.102	2042.57	137.47
292	406.4x19.0	181.52	231.24	406.4	19	43484.59	2139.99	137.13
293	406.4x20.0	190.58	242.78	406.4	20	45432.102	2235.83	136.8
294	406.4x21.0	199.6	254.26	406.4	21	47347.984	2330.12	136.46
295	406.4x22.0	208.56	265.68	406.4	22	49232.57	2422.86	136.13
296	426.0x4.0	41.63	53.03	426	4	11805.811	554.26	149.21
297	426.0x4.5	46.78	59.59	426	4.5	13234.71	621.35	149.03
298	426.0x5.0	51.91	66.13	426	5	14653.35	687.95	148.86
299	426.0x5.5	57.04	72.66	426	5.5	16061.809	754.08	148.68
300	426.0x6.0	62.15	79.17	426	6	17460.121	819.72	148.51
301	426.0x7.0	72.33	92.14	426	7	20226.5	949.6	148.16
302	426.0x8.0	82.47	105.05	426	8	22952.891	1077.6	147.81
303	426.0x9.0	92.55	117.9	426	9	25639.674	1203.74	147.47
304	426.0x10.0	102.59	130.69	426	10	28287.23	1328.04	147.12
305	426.0x11.0	112.58	143.41	426	11	30895.951	1450.51	146.78
306	426.0x12.0	122.52	156.07	426	12	33466.211	1571.18	146.43
307	426.0x13.0	132.41	168.67	426	13	35998.391	1690.07	146.09
308	426.0x14.0	142.25	181.21	426	14	38492.879	1807.18	145.75
309	426.0x16.0	161.78	206.09	426	16	43370.25	2036.16	145.07
310	426.0x17.0	171.47	218.43	426	17	45753.895	2148.07	144.73
311	426.0x17.5	176.3	224.58	426	17.5	46932.109	2203.39	144.56
312	426.0x18.0	181.11	230.72	426	18	48101.324	2258.28	144.39
313	426.0x19.0	190.71	242.94	426	19	50412.91	2366.8	144.05
314	426.0x20.0	200.25	255.1	426	20	52689.035	2473.66	143.72
315	426.0x21.0	209.75	267.19	426	21	54930.059	2578.88	143.38
316	426.0x22.0	219.19	279.22	426	22	57136.324	2682.46	143.05
317	530.0x5.0	64.74	82.47	530	5	28414.949	1072.26	185.62
318	530.0x5.5	71.14	90.63	530	5.5	31167.822	1176.14	185.45
319	530.0x6.0	77.54	98.77	530	6	33904.832	1279.43	185.27
320	530.0x7.0	90.29	115.01	530	7	39331.488	1484.21	184.92
321	530.0x8.0	102.99	131.19	530	8	44695.422	1686.62	184.58
322	530.0x9.0	115.64	147.31	530	9	49997.105	1886.68	184.23
323	530.0x10.0	128.24	163.36	530	10	55237.016	2084.42	183.88
324	530.0x11.0	140.79	179.35	530	11	60415.633	2279.84	183.54
325	530.0x12.0	153.3	195.28	530	12	65533.457	2472.96	183.19
326	530.0x13.0	165.75	211.15	530	13	70590.953	2663.81	182.84
327	530.0x14.0	178.15	226.95	530	14	75588.602	2852.4	182.5
328	530.0x16.0	202.82	258.36	530	16	85406.227	3222.88	181.81
329	530.0x17.0	215.07	273.98	530	17	90227.148	3404.8	181.47
330	530.0x17.5	221.18	281.76	530	17.5	92615.852	3494.94	181.3
331	530.0x18.0	227.28	289.53	530	18	94990.102	3584.53	181.13
332	530.0x19.0	239.44	305.02	530	19	99695.57	3762.1	180.79
333	530.0x20.0	251.55	320.44	530	20	104343.977	3937.51	180.45
334	530.0x21.0	263.61	335.8	530	21	108935.852	4110.79	180.11
335	530.0x22.0	275.62	351.1	530	22	113471.586	4281.95	179.77
336	530.0x23.0	287.58	366.34	530	23	117951.672	4451.01	179.44
337	530.0x24.0	299.49	381.52	530	24	122376.57	4617.98	179.1
338	630.0x7.0	107.55	137	630	7	66477.781	2110.41	220.28
339	630.0x8.0	122.72	156.33	630	8	75612.313	2400.39	219.93
340	630.0x9.0	137.83	175.58	630	9	84658.016	2687.56	219.58
341	630.0x10.0	152.9	194.78	630	10	93615.469	2971.92	219.23
342	630.0x11.0	167.92	213.91	630	11	102485.234	3253.5	218.88
343	630.0x12.0	182.89	232.98	630	12	111267.906	3532.31	218.54
344	630.0x13.0	197.81	251.99	630	13	119964.047	3808.38	218.19
345	630.0x14.0	212.68	270.93	630	14	128574.242	4081.72	217.85
346	630.0x16.0	242.27	308.63	630	16	145539.016	4620.29	217.16
347	630.0x17.0	257	327.39	630	17	153894.734	4885.55	216.81
348	630.0x17.5	264.34	336.74	630	17.5	158041.172	5017.18	216.64
349	630.0x18.0	271.67	346.08	630	18	162166.766	5148.15	216.47
350	630.0x19.0	286.3	364.71	630	19	179355.641	5408.121	216.13
351	630.0x20.0	300.87	383.27	630	20	178461.953	5665.46	215.78
352	630.0x21.0	315.4	401.78	630	21	186486.25	5920.2	215.44
353	630.0x22.0	329.87	420.22	630	22	194429.063	6172.35	215.1
