#		P	A	h	b	s	r1	Iy	Wy	iy	Iz	Wz	iz
1	40x2	2.31	2.94	40	40	2	4	6.94	3.47	15.4	6.94	3.47	15.4
2	40x2.5	2.82	3.59	40	40	2.5	5	8.21	4.1	15.1	8.21	4.1	15.1
3	40x3	3.3	4.21	40	40	3	6	9.31	4.65	14.9	9.31	4.65	14.9
4	40x3.5	3.76	4.79	40	40	3.5	7	10.26	5.13	14.6	10.26	5.13	14.6
5	40x4	4.2	5.35	40	40	4	8	11.05	5.52	14.4	11.05	5.52	14.4
6	50x2	2.93	3.74	50	50	2	4	14.14	5.66	19.5	14.14	5.66	19.5
7	50x2.5	3.6	4.59	50	50	2.5	5	16.93	6.77	19.2	16.93	6.77	19.2
8	50x3	4.25	5.41	50	50	3	6	19.45	7.78	19	19.45	7.78	19
9	50x3.5	4.86	6.19	50	50	3.5	7	21.7	8.68	18.7	21.7	8.68	18.7
10	50x4	5.45	6.95	50	50	4	8	23.7	9.48	18.5	23.7	9.48	18.5
11	50x4.5	6.02	7.67	50	50	4.5	9	25.45	10.19	18.2	25.45	10.19	18.2
12	50x5	6.56	8.36	50	50	5	10	26.98	10.79	18	26.98	10.79	18
13	50x5.5	7.07	9.01	50	50	5.5	11	28.27	11.31	17.7	28.27	11.31	17.7
14	50x6	7.56	9.63	50	50	6	12	29.36	11.74	17.5	29.36	11.74	17.5
15	60x2	3.56	4.54	60	60	2	4	25.14	8.38	23.5	25.14	8.38	23.5
16	60x2.5	4.39	5.59	60	60	2.5	5	30.33	10.11	23.3	30.33	10.11	23.3
17	60x3	5.19	6.61	60	60	3	6	35.11	11.7	23.1	35.11	11.7	23.1
18	60x3.5	5.96	7.59	60	60	3.5	7	39.5	13.17	22.8	39.5	13.17	22.8
19	60x4	6.71	8.55	60	60	4	8	43.5	14.5	22.6	43.5	14.5	22.6
20	60x4.5	7.43	9.47	60	60	4.5	9	47.14	15.71	22.3	47.14	15.71	22.3
21	60x5	8.13	10.36	60	60	5	10	50.41	16.8	22.1	50.41	16.8	22.1
22	60x5.5	8.8	11.21	60	60	5.5	11	53.34	17.78	21.8	53.34	17.78	21.8
23	60x6	9.45	12.03	60	60	6	12	55.94	18.65	21.6	55.94	18.65	21.6
24	70x2	4.19	5.34	70	70	2	4	40.72	11.63	27.6	40.72	11.63	27.6
25	70x2.5	5.17	6.59	70	70	2.5	5	49.39	14.11	27.4	49.39	14.11	27.4
26	70x3	6.13	7.81	70	70	3	6	57.5	16.43	27.1	57.5	16.43	27.1
27	70x3.5	7.06	8.99	70	70	3.5	7	65.05	18.59	26.9	65.05	18.59	26.9
28	70x4	7.97	10.15	70	70	4	8	72.06	20.59	26.6	72.06	20.59	26.6
29	70x4.5	8.85	11.27	70	70	4.5	9	78.55	22.44	26.4	78.55	22.44	26.4
30	70x5	9.7	12.36	70	70	5	10	84.52	24.15	26.2	84.52	24.15	26.2
31	70x5.5	10.53	13.41	70	70	5.5	11	90.01	25.72	25.9	90.01	25.72	25.9
32	70x6	11.33	14.43	70	70	6	12	95.01	27.14	25.7	95.01	27.14	25.7
33	70x6.5	11.82	15.06	70	70	6.5	16.5	95.11	27.17	25.1	95.11	27.17	25.1
34	70x7	12.53	15.96	70	70	7	17.5	98.5	28.14	24.8	98.5	28.14	24.8
35	80x3	7.07	9.01	80	80	3	6	87.81	21.95	31.2	87.81	21.95	31.2
36	80x3.5	8.16	10.39	80	80	3.5	7	99.75	24.94	31	99.75	24.94	31
37	80x4	9.22	11.75	80	80	4	8	111	27.74	30.7	111	27.74	30.7
38	80x4.5	10.26	13.07	80	80	4.5	9	121.5	30.37	30.5	121.5	30.37	30.5
39	80x5	11.27	14.36	80	80	5	10	131.3	32.83	30.2	131.3	32.83	30.2
40	80x5.5	12.25	15.61	80	80	5.5	11	140.5	35.12	30	140.5	35.12	30
41	80x6	13.21	16.83	80	80	6	12	149	37.24	29.7	149	37.24	29.7
42	80x6.5	13.86	17.66	80	80	6.5	16.5	151	37.76	29.2	151	37.76	29.2
43	80x7	14.72	18.76	80	80	7	17.5	157.4	39.34	29	157.4	39.34	29
44	80x7.5	15.56	19.82	80	80	7.5	19	163	40.76	28.7	163	40.76	28.7
45	80x8	16.36	20.84	80	80	8	20	168	42.01	28.4	168	42.01	28.4
46	90x3	8.01	10.21	90	90	3	6	127.2	28.28	35.3	127.2	28.28	35.3
47	90x3.5	9.26	11.79	90	90	3.5	7	145	32.22	35.1	145	32.22	35.1
48	90x4	10.48	13.35	90	90	4	8	161.8	35.96	34.8	161.8	35.96	34.8
49	90x4.5	11.67	14.87	90	90	4.5	9	177.8	39.5	34.6	177.8	39.5	34.6
50	90x5	12.84	16.36	90	90	5	10	192.8	42.84	34.3	192.8	42.84	34.3
51	90x5.5	13.98	17.81	90	90	5.5	11	206.9	45.99	34.1	206.9	45.99	34.1
52	90x6	15.1	19.23	90	90	6	12	220.2	48.94	33.8	220.2	48.94	33.8
53	90x6.5	15.9	20.26	90	90	6.5	16.5	225.3	50.07	33.4	225.3	50.07	33.4
54	90x7	16.92	21.56	90	90	7	17.5	235.8	52.4	33.1	235.8	52.4	33.1
55	90x7.5	17.91	22.82	90	90	7.5	19	245.4	54.54	32.8	245.4	54.54	32.8
56	90x8	18.87	24.04	90	90	8	20	254.2	56.48	32.5	254.2	56.48	32.5
57	100x3	8.96	11.41	100	100	3	6	177	35.4	39.4	177	35.4	39.4
58	100x3.5	10.36	13.19	100	100	3.5	7	202.2	40.44	39.1	202.2	40.44	39.1
59	100x4	11.73	14.95	100	100	4	8	225.1	45.02	38.8	225.1	45.02	38.8
60	100x4.5	13.08	16.67	100	100	4.5	9	247.5	49.5	38.5	247.5	49.5	38.5
61	100x5	14.41	18.36	100	100	5	10	270.9	54.19	38.4	270.9	54.19	38.4
62	100x5.5	15.71	20.01	100	100	5.5	11	291.6	58.32	38.2	291.6	58.32	38.2
63	100x6	16.98	21.63	100	100	6	12	311.2	62.24	37.9	311.2	62.24	37.9
64	100x6.5	17.94	22.86	100	100	6.5	16.5	320.6	64.12	37.5	320.6	64.12	37.5
65	100x7	19.12	24.36	100	100	7	17.5	336.7	67.33	37.2	336.7	67.33	37.2
66	100x7.5	20.27	25.82	100	100	7.5	19	351.6	70.32	36.9	351.6	70.32	36.9
67	100x8	21.39	27.24	100	100	8	20	365.4	73.09	36.6	365.4	73.09	36.6
68	120x3	10.84	13.81	120	120	3	6	312.3	52.05	47.6	312.3	52.05	47.6
69	120x3.5	12.56	15.99	120	120	3.5	7	358.1	59.68	47.3	358.1	59.68	47.3
70	120x4	14.25	18.15	120	120	4	8	402.2	67.03	47.1	402.2	67.03	47.1
71	120x4.5	15.91	20.27	120	120	4.5	9	444.5	74.09	46.8	444.5	74.09	46.8
72	120x5	17.55	22.36	120	120	5	10	485.3	80.88	46.6	485.3	80.88	46.6
73	120x5.5	19.16	24.41	120	120	5.5	11	524.3	87.39	46.3	524.3	87.39	46.3
74	120x6	20.75	26.43	120	120	6	12	561.8	93.64	46.1	561.8	93.64	46.1
75	120x6.5	22.03	28.06	120	120	6.5	16.5	584.6	97.43	45.6	584.6	97.43	45.6
76	120x7	23.52	29.96	120	120	7	17.5	616.8	102.8	45.4	616.8	102.8	45.4
77	120x7.5	24.98	31.82	120	120	7.5	19	647.3	107.9	45.1	647.3	107.9	45.1
78	120x8	26.41	33.64	120	120	8	20	676.2	112.7	44.8	676.2	112.7	44.8
79	140x4	16.76	21.35	140	140	4	8	651.5	93.07	55.2	651.5	93.07	55.2
80	140x4.5	18.74	23.87	140	140	4.5	9	722.1	103.2	55	722.1	103.2	55
81	140x5	20.69	26.36	140	140	5	10	790.3	112.9	54.8	790.3	112.9	54.8
82	140x5.5	22.62	28.81	140	140	5.5	11	856.3	122.3	54.5	856.3	122.3	54.5
83	140x6	24.52	31.23	140	140	6	12	920	131.4	54.3	920	131.4	54.3
84	140x6.5	26.11	33.26	140	140	6.5	16.5	963.6	137.7	53.8	963.6	137.7	53.8
85	140x7	27.91	35.56	140	140	7	17.5	1020	145.7	53.6	1020	145.7	53.6
86	140x7.5	29.69	37.82	140	140	7.5	19	1074	153.5	53.3	1074	153.5	53.3
87	140x8	31.43	40.04	140	140	8	20	1126	160.8	53	1126	160.8	53
88	150x4	18.01	22.95	150	150	4	8	807.7	107.7	59.3	807.7	107.7	59.3
89	150x4.5	20.15	25.67	150	150	4.5	9	896.1	119.5	59.1	896.1	119.5	59.1
90	150x5	22.26	28.36	150	150	5	10	981.8	130.9	58.8	981.8	130.9	58.8
91	150x5.5	24.34	31.01	150	150	5.5	11	1065	142	58.6	1065	142	58.6
92	150x6	26.4	33.63	150	150	6	12	1145	152.7	58.4	1145	152.7	58.4
93	150x6.5	28.15	35.86	150	150	6.5	16.5	1203	160.4	57.9	1203	160.4	57.9
94	150x7	30.11	38.36	150	150	7	17.5	1275	170	57.7	1275	170	57.7
95	150x7.5	32.04	40.82	150	150	7.5	19	1344	179.2	57.4	1344	179.2	57.4
96	150x8	33.95	43.24	150	150	8	20	1411	188.1	57.1	1411	188.1	57.1
97	160x4	19.27	24.55	160	160	4	8	987	123.4	63.4	987	123.4	63.4
98	160x4.5	21.56	27.47	160	160	4.5	9	1096	137	63.2	1096	137	63.2
99	160x5	23.83	30.36	160	160	5	10	1202	150.3	62.9	1202	150.3	62.9
100	160x5.5	26.07	33.21	160	160	5.5	11	1305	163.1	62.7	1305	163.1	62.7
101	160x6	28.29	36.03	160	160	6	12	1405	175.6	62.4	1405	175.6	62.4
102	160x6.5	30.19	38.46	160	160	6.5	16.5	1479	184.8	62	1479	184.8	62
103	160x7	32.31	41.16	160	160	7	17.5	1569	196.1	61.7	1569	196.1	61.7
104	160x7.5	34.4	43.82	160	160	7.5	19	1656	207	61.5	1656	207	61.5
105	160x8	36.46	46.44	160	160	8	20	1740	217.5	61.2	1740	217.5	61.2
106	180x5	26.97	34.36	180	180	5	10	1737	192.9	71.1	1737	192.9	71.1
107	180x5.5	29.52	37.61	180	180	5.5	11	1888	209.8	70.9	1888	209.8	70.9
108	180x6	32.05	40.83	180	180	6	12	2036	226.2	70.6	2036	226.2	70.6
109	180x6.5	34.27	43.66	180	180	6.5	16.5	2150	238.9	70.2	2150	238.9	70.2
110	180x7	36.7	46.76	180	180	7	17.5	2286	254	69.9	2286	254	69.9
111	180x7.5	39.11	49.82	180	180	7.5	19	2417	268.6	69.7	2417	268.6	69.7
112	180x8	41.48	52.84	180	180	8	20	2545	282.7	69.4	2545	282.7	69.4
113	180x8.5	43.83	55.83	180	180	8.5	21.5	2668	296.5	69.1	2668	296.5	69.1
114	180x9	46.14	58.78	180	180	9	23	2787	309.7	68.9	2787	309.7	68.9
115	180x9.5	48.43	61.69	180	180	9.5	24	2903	322.6	68.6	2903	322.6	68.6
116	180x10	50.68	64.57	180	180	10	25	3015	335	68.3	3015	335	68.3
117	200x6	35.82	45.63	200	200	6	12	2832	283.2	78.8	2832	283.2	78.8
118	200x6.5	38.35	48.86	200	200	6.5	16.5	3000	300	78.4	3000	300	78.4
119	200x7	41.1	52.36	200	200	7	17.5	3193	319.3	78.1	3193	319.3	78.1
120	200x7.5	43.82	55.82	200	200	7.5	19	3382	338.2	77.8	3382	338.2	77.8
121	200x8	46.51	59.24	200	200	8	20	3565	356.5	77.6	3565	356.5	77.6
122	200x8.5	49.16	62.63	200	200	8.5	21.5	3743	374.3	77.3	3743	374.3	77.3
123	200x9	51.79	65.98	200	200	9	23	3917	391.7	77	3917	391.7	77
124	200x9.5	54.39	69.29	200	200	9.5	24	4085	408.5	76.8	4085	408.5	76.8
125	200x10	56.96	72.57	200	200	10	25	4249	424.9	76.5	4249	424.9	76.5
126	200x10.5	58.76	74.86	200	200	10.5	31.5	4309	430.9	75.9	4309	430.9	75.9
127	200x11	61.2	77.97	200	200	11	33	4454	445.4	75.6	4454	445.4	75.6
128	200x11.5	63.61	81.03	200	200	11.5	34.5	4593	459.3	75.3	4593	459.3	75.3
129	200x12	65.99	84.06	200	200	12	36	4727	472.7	75	4727	472.7	75
130	250x6	45.24	57.63	250	250	6	12	5671	453.7	99.2	5671	453.7	99.2
131	250x6.5	48.56	61.86	250	250	6.5	16.5	6036	482.9	98.8	6036	482.9	98.8
132	250x7	52.09	66.36	250	250	7	17.5	6441	515.3	98.5	6441	515.3	98.5
133	250x7.5	55.59	70.82	250	250	7.5	19	6838	547.1	98.3	6838	547.1	98.3
134	250x8	59.07	75.24	250	250	8	20	7227	578.2	98	7227	578.2	98
135	250x8.5	62.51	79.63	250	250	8.5	21.5	7608	608.7	97.7	7608	608.7	97.7
136	250x9	65.92	83.98	250	250	9	23	7981	638.5	97.5	7981	638.5	97.5
137	250x9.5	69.31	88.29	250	250	9.5	24	8346	667.7	97.2	8346	667.7	97.2
138	250x10	72.66	92.57	250	250	10	25	8703	696.3	97	8703	696.3	97
139	250x10.5	75.25	95.86	250	250	10.5	31.5	8900	712	96.4	8900	712	96.4
140	250x11	78.47	99.97	250	250	11	33	9227	738.1	96.1	9227	738.1	96.1
141	250x11.5	81.67	104	250	250	11.5	34.5	9545	763.6	95.8	9545	763.6	95.8
142	250x12	84.83	108.1	250	250	12	36	9854	788.3	95.5	9854	788.3	95.5
143	300x6	54.66	69.63	300	300	6	12	9963	664.2	119.6	9963	664.2	119.6
144	300x6.5	58.76	74.86	300	300	6.5	16.5	10637.001	709.1	119.2	10637.001	709.1	119.2
145	300x7	63.08	80.36	300	300	7	17.5	11370.001	758	118.9	11370.001	758	118.9
146	300x7.5	67.37	85.82	300	300	7.5	19	12090.001	806	118.7	12090.001	806	118.7
147	300x8	71.63	91.24	300	300	8	20	12798.001	853.2	118.4	12798.001	853.2	118.4
148	300x8.5	75.85	96.63	300	300	8.5	21.5	13495.001	899.7	118.2	13495.001	899.7	118.2
149	300x9	80.05	102	300	300	9	23	14180.001	945.3	117.9	14180.001	945.3	117.9
150	300x9.5	84.22	107.3	300	300	9.5	24	14853.001	990.2	117.7	14853.001	990.2	117.7
151	300x10	88.36	112.6	300	300	10	25	15515.001	1034	117.4	15515.001	1034	117.4
152	300x10.5	91.73	116.9	300	300	10.5	31.5	15947.001	1063	116.8	15947.001	1063	116.8
153	300x11	95.74	122	300	300	11	33	16564	1104	116.5	16564	1104	116.5
154	300x11.5	99.72	127	300	300	11.5	34.5	17168	1145	116.3	17168	1145	116.3
155	300x12	103.7	132.1	300	300	12	36	17761	1184	116	17761	1184	116
