#		P	A	h	b	s	r1	yo	Iy	Wy	iy	Iz	Wz	iz
1	25x26x2	1.09	1.39	25	26	2	3	10	1.43	1.14	10.1	0.96	0.6	8.3
2	25x30x2	1.22	1.55	25	30	2	3	11.9	1.64	1.31	10.3	1.42	0.78	9.6
3	28x27x2.5	1.42	1.81	28	27	2.5	4	10.4	2.24	1.6	11.1	1.32	0.8	8.5
4	30x25x3	1.61	2.05	30	25	3	5	9.6	2.73	1.82	11.5	1.24	0.81	7.8
5	30x30x2	1.3	1.65	30	30	2	3	11.2	2.5	1.67	12.3	1.53	0.82	9.6
6	32x25x3	1.66	2.11	32	25	3	5	9.4	3.2	2	12.3	1.28	0.82	7.8
7	32x32x2	1.39	1.77	32	32	2	3	12.9	3.08	1.92	13.1	1.88	0.93	10.3
8	38x95x2.5	4.3	5.48	38	95	2.5	3	41.3	15.42	8.12	16.8	49.26	9.18	30
9	40x20x2	1.14	1.45	40	20	2	3	6	3.4	1.7	15.3	0.35	0.4	6.2
10	40x20x3	1.61	2.05	40	20	3	5	6.6	4.45	2.23	14.7	0.75	0.56	6
11	40x30x2	1.45	1.85	40	30	2	3	10.1	4.85	2.42	16.2	1.72	0.86	9.6
12	40x30x2.5	1.79	2.28	40	30	2.5	3	10.3	5.83	2.91	16	2.09	1.06	9.6
13	40x40x2	1.77	2.25	40	40	2	3	14.5	6.29	3.15	16.7	3.79	1.49	13
14	40x40x2.5	2.18	2.78	40	40	2.5	3	14.7	7.58	3.79	16.5	4.63	1.83	12.9
15	40x40x3	2.55	3.25	40	40	3	5	15.2	8.57	4.28	16.2	5.31	2.14	12.8
16	42x42x4	3.49	4.45	42	42	4	6	16.5	12.34	5.88	16.7	7.8	3.05	13.2
17	43x45x2	1.97	2.51	43	45	2	3	16.4	8.25	3.84	18.1	5.38	1.88	14.6
18	45x25x3	1.96	2.5	45	25	3	5	8.2	7.29	3.24	17.1	1.49	0.89	7.7
19	45x31x2	1.56	1.99	45	31	2	3	10.1	6.55	2.91	18.1	1.97	0.94	9.9
20	48x70x5	6.67	8.49	48	70	5	7	29.4	32.6	13.58	19.6	41.22	10.15	22
21	50x30x2	1.61	2.05	50	30	2	3	9.2	8.12	3.25	19.9	1.87	0.9	9.6
22	50x30x2.5	1.99	2.53	50	30	2.5	3	9.4	9.82	3.93	19.7	2.28	1.11	9.5
23	50x32x2.5	2.07	2.63	50	32	2.5	3	10.2	10.38	4.15	19.8	2.72	1.25	10.2
24	50x40x2	1.91	2.45	50	40	2	3	13.4	10.42	4.17	20.6	4.13	1.55	13
25	50x40x2.5	2.38	3.03	50	40	2.5	3	13.6	12.64	5.06	20.4	5.05	1.92	12.9
26	50x40x3	2.81	3.58	50	40	3	4	13.9	14.55	5.82	20.2	5.88	2.26	12.8
27	50x40x4	3.62	4.61	50	40	4	6	14.8	17.8	7.12	19.7	7.35	2.89	12.6
28	50x47x6	5.73	7.3	50	47	6	9	19	26.62	10.65	19.1	15.42	5.51	14.5
29	50x50x2.5	2.77	3.53	50	50	2.5	3	18.1	15.46	6.18	20.9	9.31	2.92	16.2
30	50x50x3	3.28	4.18	50	50	3	4	18.4	17.87	7.15	20.7	10.89	3.44	16.1
31	50x50x4	4.24	5.4	50	50	4	6	19.1	22.04	8.82	20.2	13.72	4.44	15.9
32	60x26x2.5	2.01	2.56	60	26	2.5	4	7.3	13.22	4.41	22.7	1.61	0.86	7.9
33	60x30x2.5	2.19	2.78	60	30	2.5	3	8.7	15.07	5.02	23.3	2.43	1.14	9.3
34	60x30x3	2.55	3.25	60	30	3	5	9	17.1	5.7	22.9	2.8	1.33	9.3
35	60x32x2.5	2.26	2.89	60	32	2.5	3	9.5	15.9	5.3	23.4	2.91	1.29	10
36	60x32x3	2.67	3.4	60	32	3	4	9.7	18.31	6.1	23.2	3.38	1.52	10
37	60x32x4	3.43	4.37	60	32	4	6	10.3	22.41	7.47	22.7	4.22	1.95	9.8
38	60x40x2	2.08	2.65	60	40	2	3	12.5	15.78	5.26	24.4	4.49	1.6	12.9
39	60x40x3	3.04	3.88	60	40	3	4	13	22.21	7.4	23.9	6.31	2.33	12.7
40	60x50x3	3.5	4.45	60	50	3	5	17.4	26.85	8.95	24.6	11.6	3.56	16.1
41	60x60x3	3.99	5.08	60	60	3	4	21.7	31.97	10.66	25.1	19.26	5.03	19.5
42	60x60x4	5.18	6.6	60	60	4	6	22.4	40	13.33	24.6	24.55	6.53	19.3
43	60x80x3	4.91	6.25	60	80	3	5	31.1	41.49	13.83	25.8	42.02	8.59	25.9
44	60x90x5	8.71	11.09	60	90	5	7	37.1	69.97	23.32	25.1	90.96	17.18	28.6
45	63x21x2.2	1.68	2.14	63	21	2.2	3	5.2	11.48	3.64	23.2	0.8	0.51	6.1
46	65x75x4	6.28	8	65	75	4	6	28.7	52.26	18.23	27.2	46.88	10.12	24.1
47	68x27x1	0.93	1.18	68	27	1	2	6.5	8.21	2.41	26.4	0.82	0.4	8.4
48	70x30x2	1.99	2.45	70	30	2	3	7.9	17.84	5.1	27	2.1	0.95	9.3
49	70x40x3	3.26	4.15	70	40	3	5	12.2	31.49	9	27.5	6.64	2.39	12.6
50	70x50x3	3.73	4.75	70	50	3	5	16.4	38.23	10.92	28.4	12.32	3.66	16.1
51	70x50x4	4.87	6.21	70	50	4	6	16.9	48.3	13.8	27.9	15.77	4.76	15.9
52	70x60x4	5.5	7	70	60	4	6	21.3	57.02	16.29	28.5	26.12	6.74	19.3
53	78x46x6	6.96	8.86	78	46	6	9	15.6	77.08	19.76	29.5	18.85	5.87	14.2
54	80x25x4	3.61	4.61	80	25	4	6	6.5	37.07	9.27	28.4	2.29	1.25	7.1
55	80x32x4	4.05	5.16	80	32	4	6	9	45.16	11.29	29.6	4.7	2.04	9.5
56	80x35x4	4.24	5.41	80	35	4	6	10.1	48.63	12.16	30	6.08	2.44	10.6
57	80x40x2.5	2.97	3.78	80	40	2.5	3	11.2	37.4	9.35	31.4	5.98	2.07	12.6
58	80x40x3	3.51	4.48	80	40	3	4	14.4	43.51	10.88	31.2	7	2.45	12.5
59	80x50x4	5.18	6.6	80	50	4	6	16	65.98	16.5	31.6	16.6	4.48	15.8
60	80x60x3	4.46	5.68	80	60	3	4	19.6	61.3	15.32	32.9	21.46	5.31	19.4
61	80x60x4	5.81	7.4	80	60	4	6	20.2	77.54	19.38	32.3	27.53	6.92	19.1
62	80x60x6	8.37	10.66	80	60	6	9	21.4	105.03	26.26	31.4	38.27	9.91	18.9
63	80x80x3	5.4	6.88	80	80	3	4	28.4	79.1	19.77	33.9	47.3	9.11	26.1
64	80x80x4	7.07	9	80	80	4	6	29	100.66	25.17	33.4	60.69	11.91	26
65	80x85x4	7.38	9.41	80	85	4	6	31.3	106.45	26.61	33.6	71.64	13.35	27.6
66	80x100x6	12.14	15.46	80	100	6	9	39.6	170.88	42.72	33.2	158.47	26.22	32
67	900x50x3.5	4.87	6.2	90	50	3.5	5	14.9	78.16	17.37	35.5	15.5	4.42	15.8
68	90x54x5	7.06	8.99	90	54	5	7	17.3	110.99	24.66	35.1	25.94	7.07	17
69	90x100x2.5	5.5	7.01	90	100	2.5	4	36	106.27	23.62	38.9	75.7	11.83	32.9
70	100x40x2.5	3.36	4.28	100	40	2.5	3	10	63.16	12.63	38.4	6.41	2.14	12.2
71	100x40x3	3.97	5.05	100	40	3	5	10.3	73.11	14.62	38	7.5	2.53	12.2
72	100x50x3	4.47	5.68	100	50	3	4	13.9	87.88	15.57	39.3	14.05	3.9	15.7
73	100x50x4	5.81	7.4	100	50	4	6	14.5	111.44	22.29	38.8	18.01	5.07	15.6
74	100x50x5	7.14	9.09	100	50	5	7	14.9	133.39	26.68	38.3	21.72	6.2	15.5
75	100x50x6	8.37	10.66	100	50	6	9	15.5	151.84	30.37	37.7	25.03	7.26	15.3
76	100x60x3	4.93	6.28	100	60	3	4	17.9	111.99	20.4	40.3	23.25	5.52	19.2
77	100x60x4	6.44	8.2	100	60	4	6	18.4	129.89	25.98	39.8	29.93	7.2	19.1
78	100x80x3	5.87	7.48	100	80	3	4	26.2	130.23	26.05	41.7	51.03	9.49	26.1
79	100x80x4	7.7	9.8	100	80	4	6	26.8	166.77	33.35	41.2	66.07	12.43	25.9
80	100x80x5	9.49	12.09	100	80	5	7	27.4	201.14	40.23	40.8	80.47	15.29	25.8
81	100x100x3	6.79	8.65	100	100	3	5	35.2	157.81	311.56	42.7	93.15	14.37	32.8
82	100x100x6	13.08	16.66	100	100	6	9	36.9	284.56	56.91	41.3	173.39	27.49	32.2
83	100x160x4	12.72	16.2	100	160	4	6	63.6	314.31	62.86	44	436.25	45.27	51.9
84	104x20x2	1.14	2.73	104	20	2	3	3.7	35.64	6.85	36.1	0.73	0.45	5.2
85	106x50x4	6	7.64	106	50	4	6	14.1	127.9	24.13	40.9	18.38	5.12	15.5
86	108x70x6	10.63	13.54	108	70	6	9	22.9	245.48	45.46	45.6	66.59	14.15	22.2
87	110x26x2.5	3.01	3.83	110	26	2.5	3	5.3	58.96	10.72	39.2	1.93	0.93	7.1
88	110x50x4	6.13	7.8	110	50	4	6	13.8	139.63	25.39	42.3	18.61	5.15	15.4
89	110x50x5	7.53	9.59	110	50	5	7	14.3	167.57	30.47	41.8	22.47	6.29	15.3
90	110x100x4	9.27	11.81	110	100	4	6	34.6	252.05	45.83	46.2	125.87	19.23	32.7
91	120x25x4	4.87	6.2	120	25	4	6	5.4	104.42	17.4	41	2.57	1.31	64.4
92	120x50x3	4.91	6.25	120	50	3	5	12.8	133.77	22.29	46.3	14.85	3.99	15.4
93	120x50x4	6.44	8.2	120	50	4	6	13.3	171.72	28.62	45.7	19.15	5.21	15.3
94	120x50x6	9.31	11.86	120	50	6	9	14.2	236.44	39.41	44.6	26.75	7.48	15
95	120x60x5	8.71	11.09	120	60	5	7	17.4	239.63	39.94	46.7	38.73	9.1	18.7
96	120x60x6	10.25	13.06	120	60	6	9	18	275.47	45.91	45.9	44.95	10.7	18.5
97	120x70x5	9.49	12.09	120	70	5	7	21.4	272.71	45.45	47.5	59.56	12.25	22.2
98	120x80x4	8.32	10.6	120	80	4	6	25	252.49	42.08	48.8	70.65	12.84	25.8
99	120x80x5	10.28	13.09	120	80	5	7	25.5	305.8	50.97	48.3	86.2	15.81	25.7
100	140x40x2.5	4.15	5.28	140	40	2.5	3	8.4	141.38	20.2	51.7	7.04	2.23	11.5
101	140x40x3	4.91	6.25	140	40	3	5	8.6	164.66	23.52	51.3	8.26	2.63	11.5
102	140x60x3	5.85	7.45	140	60	3	5	15.3	220.97	31.57	54.5	25.89	5.79	18.6
103	140x60x5	9.49	12.09	140	60	5	7	16.2	345.47	49.35	53.4	40.8	9.32	18.4
104	140x60x6	11.2	14.26	140	60	6	9	16.7	398.68	66.95	52.9	47.46	10.97	18.2
105	140x70x5	10.28	13.09	140	70	5	7	19.9	391.05	55.86	54.7	62.87	12.56	21.9
106	140x80x4	8.95	11.4	140	80	4	6	23.4	359.42	51.35	56.1	74.59	13.17	25.6
107	140x80x5	11.06	14.09	140	80	5	7	23.8	436.63	62.38	55.7	91.13	16.23	25.4
108	145x65x3	6.2	7.9	145	65	3	5	16.8	255.04	35.18	56.8	32.69	6.78	20.3
109	148x25x4	5.75	7.32	148	25	4	6	49.2	170.34	24.37	49.6	2.7	1.34	60.7
110	160x40x2	3.65	4.65	160	40	2	3	7.5	158.77	19.58	58.4	5.93	1.83	11.3
111	160x40x3	5.38	6.85	160	40	3	5	8	228.59	28.57	57.8	8.55	2.67	11.2
112	160x40x5	8.71	11.09	160	40	5	7	8.9	355.32	44.31	56.6	12.23	4.25	10.9
113	160x50x2.5	4.92	6.26	160	50	2.5	4	10.7	225.47	28.18	60	13.68	3.48	14.8
114	160x50x4	7.7	9.81	160	50	4	6	11.4	343.12	42.42	59.1	20.87	5.41	14.6
115	160x50x5	9.49	12.09	160	50	5	7	11.9	415.41	51.93	58.6	25.29	6.63	14.5
116	160x50x6	11.2	14.26	160	50	6	9	12.4	479.22	59.9	58	29.35	7.8	14.3
117	160x60x2.5	5.31	6.76	160	60	2.5	4	14	256.48	32.06	61.6	22.79	4.96	18.4
118	160x60x3	6.32	8.055	160	60	3	5	14.2	302.54	37.82	61.3	26.95	5.89	18.3
119	160x60x4	8.32	10.6	160	60	4	6	14.3	391.8	48.97	60.8	34.98	7.72	18.2
120	160x60x5	10.28	13.09	160	60	5	7	15.2	475.49	59.44	60.3	42.56	9.49	18
121	160x60x6	12.14	15.46	160	60	6	9	15.7	550.41	68.8	59.7	49.68	11.18	17.9
122	160x70x4	8.95	11.4	160	70	4	6	18.2	440.48	55.06	62.1	53.86	10.4	21.7
123	160x80x2.5	6.11	7.78	160	80	2.5	3	21.2	319.89	39.99	64.1	50.52	8.59	25.5
124	160x80x3	7.26	9.25	160	80	3	5	21.5	376.5	47.06	63.8	59.79	10.22	25.4
125	160x80x4	9.58	12.2	160	80	4	6	22	489.16	61.14	63.3	78.01	13.44	25.3
126	160x80x5	11.85	15.09	160	80	5	7	22.4	595.66	74.46	62.8	95.4	16.57	25.1
127	160x80x6	14.02	17.86	160	80	6	9	23	692.78	86.6	62.3	111.72	19.59	25
128	160x100x3	8.28	10.45	160	100	3	5	29.4	452.12	56.31	65.6	110.04	15.59	32.4
129	160x100x6	15.91	20.26	160	100	6	9	30.9	835.14	104.39	64.2	207.59	30.04	32
130	160x120x5	14.99	19.09	160	120	5	7	38.7	836.99	104.5	66.2	291.01	35.78	39
131	160x120x6	17.79	22.66	160	120	6	9	39.3	977.51	122.19	65.7	342.63	42.45	38.9
132	160x160x6	21.56	27.46	160	160	6	9	56.9	1262.25	157.78	67.8	750.85	72.82	52.3
133	170x60x4	8.64	11	170	60	4	6	14.2	452.84	53.27	64.1	35.61	7.78	18
134	170x70x5	1.45	14.59	170	70	5	7	18.1	618.28	72.74	65.1	66.99	12.92	21.4
135	170x70x6	13.55	17.26	170	70	6	9	18.6	718.44	84.52	64.5	78.32	15.25	21.3
136	180x40x3	5.85	7.45	180	40	3	5	7.5	306.23	34.03	64.1	8.79	2.7	10.9
137	180x40x4	7.7	9.81	180	40	4	6	7.9	395.47	43.94	63.5	11.3	3.52	10.7
138	180x50x4	8.32	10.6	180	50	4	6	10.7	457.43	50.82	65.7	21.53	5.48	14.2
139	180x70x6	14.02	17.85	180	70	6	9	18.1	823.93	91.55	67.9	79.76	15.38	21.1
140	180x80x4	10.21	13	180	80	4	6	20.7	643.32	71.48	70.3	61.01	13.67	24.9
141	180x80x5	12.68	16.09	180	80	5	7	21.2	784.86	87.21	69.8	99.15	16.86	24.8
142	180x80x6	14.96	19.08	180	80	6	9	21.7	914.79	101.79	69.3	116.23	19.94	24.7
143	180x100x5	14.2	18.09	180	100	5	7	28.8	936.03	104.23	72	184.04	25.85	31.9
144	180x100x6	16.84	21.46	180	100	6	9	29.3	1096.84	121.84	71.5	216.45	30.63	31.8
145	180x130x8	25.76	32.82	180	130	8	12	42.8	1746.62	194.07	72.9	574.59	65.86	41.8
146	185x100x3	8.79	11.2	185	100	3	5	27.5	626.06	67.68	74.8	115.48	15.93	32.1
147	200x50x3	6.79	8.65	200	50	3	5	9.7	456.99	45.7	72.7	17.09	4.24	14.1
148	200x50x4	8.95	11.41	200	50	4	6	10.1	592.95	59.3	72.1	22.11	5.54	13.9
149	200x80x4	10.83	13.81	200	80	4	6	19.6	823.48	82.35	77.2	83.67	13.86	24.6
150	200x80x5	13.42	17.09	200	80	5	7	20.1	1006.26	100.63	76.7	102.45	17.1	24.5
151	200x80x6	15.91	20.26	200	80	6	9	20.6	1174.93	117.49	66.1	120.22	20.24	24.4
152	200x100x3	9.15	11.65	200	100	3	5	26.5	748.08	74.81	80.1	118.41	16.11	31.9
153	200x100x6	17.79	22.66	200	100	6	9	27.9	1400.82	140.08	78.6	224.37	31.14	31.5
154	200x180x6	25.23	32.26	200	180	6	9	61.3	2304.37	230.44	84.5	1122.23	95.54	59
155	205x38x2.5	5.34	6.81	205	38	2.5	3	6.2	351.96	34.34	71.9	6.62	2.08	9.9
156	206x75x6	15.72	20.02	206	75	6	9	18.6	1200.75	116.58	77.4	101.09	17.92	22.5
157	210x57x4	9.71	12.37	210	57	4	6	11.8	728.59	69.39	76.8	32.59	7.21	16.2
158	250x35x3	7.26	9.25	250	35	3	5	5.2	657.45	52.6	84.3	6.34	2.12	8.3
159	250x60x3	8.44	10.75	250	60	3	5	11.1	886.25	70.9	90.8	30.27	6.19	16.8
160	250x60x4	11.15	14.21	250	60	4	6	11.5	1156.1	92.49	90.2	39.37	8.12	16.6
161	250x60x5	13.81	17.59	250	60	5	7	11.9	1413.5	113.08	89.6	48.01	9.99	16.5
162	250x60x6	16.38	20.86	250	60	6	9	12.4	1650.53	132.04	88.9	56.16	11.79	16.4
163	250x125x6	22.5	28.66	250	125	6	9	34.2	2811.72	224.94	99	448.01	49.33	39.5
164	270x100x7	24.42	33.11	270	100	7	10	24.5	3254.41	241.07	102.3	283.03	37.48	30.2
165	280x60x3.9	11.8	15.03	280	60	3.9	6	10.7	1495.61	106.83	99.8	39.47	8.01	16.2
166	280x140x5	21.27	27.09	280	140	5	7	37.4	3388.17	242.01	111.8	536.69	52.31	44.5
167	300x80x6	20.62	26.26	300	80	6	9	16.6	3131.48	208.77	109.2	134.74	21.25	22.7
168	300x100x8	29.53	37.62	300	100	8	12	23.7	4694.84	312.98	111.7	327.88	42.94	29.5
169	310x100x6	22.97	39.26	310	100	6	9	22.3	3948.93	54.77	116.2	256.39	33.01	29.6
170	380x65x6	22.97	29.26	380	65	6	9	10.9	4998.26	126.31	130.7	77.71	14.37	16.3
171	400x95x8	35.18	44.82	400	95	8	12	18.8	9179.841	458.99	143.1	305.12	40.06	26.1
172	410x65x6	24.38	31.6	410	65	6	9	10.5	6077.35	296.46	139.9	78.82	14.45	15.9
