#	0		A	h	b	s	t	r1	r1	d	Iy	Wy	Sy	iy	Iz	Wz	Wz	Wz	iz
1	20Ø0	24.4	31.11	190	149	5	7	13	3.5	150	2079.6	218.9	120.97	81.76	386.62	51.9	39.79	39.79	35.25
2	20Ø1	30.6	39.01	194	150	6	9	13	4.5	150	2689.74	277.3	154.28	83.04	507.16	67.62	51.85	51.85	36.06
3	20Ø2	38.8	49.38	199	151	7.5	11.5	13	5.75	150	3502.14	352	198.01	84.21	661.24	87.58	67.27	67.27	36.59
4	20Ø3	47	59.85	204	152	9	14	13	7	150	4362.01	427.7	243.18	85.37	821.37	108.08	83.18	83.18	37.05
5	20Ø4	58.9	75.06	211	155	11	17.5	13	8.75	150	5696.83	540	311.2	87.12	1089.19	140.54	108.38	108.38	38.09
6	20Ø5	70.9	90.27	218	157	13	21	13	10.5	150	7117.64	653	381.26	88.8	1359.05	173.13	133.81	133.81	38.8
7	20Ø6	88.1	112.29	228	159	16	26	13	13	150	9312.8	816.9	485.66	91.07	1749.68	220.09	170.75	170.75	39.47
8	25Ø0	36.8	46.84	240	174	6	9	16	4.5	190	4981.13	415.1	229.64	103.13	791.75	91.01	69.84	69.84	41.11
9	25Ø1	44.1	56.24	244	175	7	11	16	5.5	190	6121.23	501.8	279.19	104.33	984.48	112.51	86.36	86.36	41.84
10	25Ø2	53.8	68.59	249	176	8.5	13.5	16	6.75	190	7624.69	612.4	343.94	105.44	1229.33	139.7	107.41	107.41	42.34
11	25Ø3	67.3	85.69	256	177	10.5	17	16	8.5	190	9819.49	767.2	436.06	107.05	1575.2	177.99	137.18	137.18	42.88
12	25Ø4	84.4	107.5	264	182	13	21	16	10.5	190	12751.44	966	556.26	108.91	2116.49	232.58	179.7	179.7	44.37
13	25Ø5	104.7	133.4	274	184	16	26	16	13	190	16478.26	1202.8	703.59	111.14	2710.17	294.58	228.44	228.44	45.07
14	25Ø6	128.3	163.42	286	186	19	32	16	16	190	21287.68	1488.7	884.76	114.13	3448.56	370.81	288.22	288.22	45.94
15	30Ø0	48.3	61.48	290	199	7	10	18	5	234	9429.75	650.4	360.6	123.85	1316.09	132.27	101.7	101.7	46.27
16	30Ø1	56.8	72.38	294	200	8	12	18	6	234	11338.3	771.4	429.51	125.16	1603.25	160.33	123.28	123.28	47.06
17	30Ø2	68.6	87.38	300	201	9	15	18	7.5	234	14209.66	947.4	529.86	127.52	2034.12	202.4	155.42	155.42	48.25
18	30Ø3	82.9	105.56	306	203	11	18	18	9	234	17455.33	1140.9	644.63	128.59	2515.45	247.83	190.85	190.85	48.82
19	30Ø4	100.9	128.52	314	206	13	22	18	11	234	21967.16	1399.2	798.35	130.74	3213.67	312.01	240.56	240.56	50
20	30Ø5	127.5	162.46	326	208	16	28	18	14	234	29037.68	1781.5	1031.79	133.69	4213.04	405.1	313.16	313.16	50.92
21	30Ø6	163.3	207.98	342	210	20	36	18	18	234	39315.66	2299.2	1357.14	137.49	5580.38	531.46	412.35	412.35	51.8
22	35Ø1	65.3	83.17	334	249	8	11	20	5.5	272	17107.05	1024.4	565.71	143.42	2834.61	227.68	174.45	174.45	58.38
23	35Ø2	79.7	101.51	340	250	9	14	20	7	272	21676.5	1275.2	706.03	146.13	3650.96	292.08	223.45	223.45	59.97
24	35Ø3	98.9	125.95	347	252	11	17.5	20	8.75	272	27535.21	1587.1	886.41	147.86	4674.89	371.02	284.26	284.26	60.92
25	35Ø4	118.3	150.67	354	254	13	21	20	10.5	272	33692.45	1903.6	1072.31	149.54	5745.79	452.42	347.18	347.18	61.75
26	35Ø5	147.2	187.51	364	258	16	26	20	13	272	43231.44	2375.4	1354.36	151.84	7458.32	578.16	444.79	444.79	63.07
27	35Ø6	179.9	229.11	376	260	19	32	20	16	272	54967.48	2923.9	1688.25	154.89	9398.87	722.99	557.28	557.28	64.05
28	35Ø7	223.6	284.79	392	262	23	40	20	20	272	71815.25	3664.1	2150.36	158.8	12030.68	918.37	709.81	709.81	65
29	40Ø1	88.6	112.91	383	299	9.5	12.5	22	6.25	314	30554.32	1595.6	880.73	164.5	5576.07	372.98	285.42	285.42	70.27
30	40Ø2	106.7	135.95	390	300	10	16	22	8	314	38674.1	1983.4	1093.97	168.66	7207.76	480.52	366.53	366.53	72.81
31	40Ø3	129.4	164.89	397	302	12	19.5	22	9.75	314	47846.38	2410.5	1339.96	170.34	8962.47	593.54	453.33	453.33	73.72
32	40Ø4	158.6	201.98	406	304	14.5	24	22	12	314	60107.1	2961	1662	172.51	11253.72	740.38	566.43	566.43	74.64
33	40Ø5	198	252.2	418	309	17.5	30	22	15	314	77867.25	3725.8	2114.9	175.71	14776.25	956.39	732.65	732.65	76.54
34	40Ø6	238.1	303.25	430	311	21	36	22	18	314	96432.24	4485.3	2578.21	178.32	18086.33	1163.11	893.43	893.43	77.23
35	40Ø7	289.7	369.09	446	313	25	44	22	22	314	122543.61	5495.3	3204.85	182.21	22547.06	1440.71	1109.25	1109.25	78.16
36	45Ø0	106	135.04	434	299	10	15	24	7.5	356	46794.17	2156.5	1192.24	186.15	6692.38	447.65	342.86	342.86	70.4
37	45Ø1	123.5	157.38	440	300	11	18	24	9	356	56069.13	2548.7	1412.44	188.75	8111.3	540.75	413.8	413.8	71.79
38	45Ø2	144.7	184.3	446	302	13	21	24	10.5	356	66379.08	2976.8	1661.51	189.78	9655.6	639.44	490.29	490.29	72.38
39	45Ø3	166	211.46	452	304	15	24	24	12	356	77050.83	3409.4	1915.99	190.88	11258.31	740.68	569.04	569.04	72.97
40	45Ø4	206	262.46	464	308	18	30	24	15	356	98962.82	4265.8	2420.93	194.18	14639.87	950.64	731.39	731.39	74.69
41	45Ø5	245.7	312.98	476	310	21	36	24	18	356	121722.09	5114.5	2932.26	197.21	17919.2	1156.08	891.09	891.09	75.67
42	45Ø6	298.7	380.5	492	312	25	44	24	22	356	153856.39	6254.4	3633.74	201.08	22341.67	1432.16	1106.76	1106.76	76.63
43	50Ø1	114.2	145.52	482	300	11	15	26	7.5	400	60366.76	2505	1395.56	203.67	6763.79	450.92	347.62	347.62	68.18
44	50Ø2	138.4	176.34	487	300	14.5	17.5	26	8.75	400	71863.01	2951.4	1666.63	201.87	7897.73	526.52	409.42	409.42	66.92
45	50Ø3	156.1	198.86	493	300	15.5	20.5	26	10.25	400	83437.19	3385	1912.66	204.83	9251.05	616.74	478.76	478.76	68.21
46	50Ø4	173.8	221.38	499	300	16.5	23.5	26	11.75	400	95277.59	3818.9	2161.4	207.45	10604.74	706.98	548.21	548.21	69.21
47	50Ø5	204.7	260.8	508	302	19	28	26	14	400	114959.83	4526.1	2578.55	209.95	12894.47	853.94	663.27	663.27	70.31
48	50Ø6	243.2	309.84	518	310	22	33	26	16.5	400	140248.12	5415.1	3106.5	212.75	16442.9	1060.83	825.05	825.05	72.85
49	50Ø7	292.7	372.92	532	312	26	40	26	20	400	174203.77	6549.2	3797.96	216.13	20335.63	1303.57	1017.09	1017.09	73.84
50	50Ø8	347.6	442.84	548	314	30	48	26	24	400	214879.98	7842.5	4598.03	220.28	24895.49	1585.7	1240.04	1240.04	74.98
51	60Ø1	137	174.49	582	300	12	17	28	8.5	492	102709.98	3529.8	1981.3	242.62	7669.82	511.32	396.49	396.49	66.3
52	60Ø2	170.7	217.41	589	300	16	20.5	28	10.25	492	126193.28	4285.3	2438.84	240.92	9259.2	617.28	483.58	483.58	65.26
53	60Ø3	198.1	252.37	597	300	18	24.5	28	12.25	492	150035.32	5026.6	2869.72	243.82	11069.11	737.94	578.58	578.58	
54	60Ø4	225.6	287.33	605	300	20	28.5	28	14.25	492	174450.48	5767.2	3305.39	246.4	12881.13	858.74	674.12	674.12	66.96
55	60Ø5	265.4	338.13	616	302	23	34	28	17	492	210467.04	6833.6	3941.46	249.49	15686.64	1038.85	817.44	817.44	68.11
56	60Ø6	324.2	412.99	630	315	27	41	28	20.5	492	266239.93	8452.3	4907.09	253.9	21476.15	1363.57	1073.64	1073.64	72.11
57	60Ø7	377.5	480.93	644	317	31	48	28	24	492	318172.04	9881.4	5788.14	257.21	25653.72	1618.53	1279.02	1279.02	73.04
58	60Ø8	450.6	574.05	664	319	36	58	28	29	492	394963.73	11896.7	7047.57	262.3	31634.17	1983.33	1572.47	1572.47	74.23
59	70Ø1	166	211.49	692	300	13	20	28	10	596	172424.05	4983.7	2814.39	285.53	9024.71	601.65	468.06	468.06	65.32
60	70Ø2	190.4	242.53	698	300	15	23	28	11.5	596	198779.77	5696	3233.41	286.29	10382.89	692.19	540.47	540.47	65.43
61	70Ø3	226.9	289.09	707	300	18	27.5	28	13.75	596	239021.1	6761.9	3867.02	287.54	12424.17	828.28	650.29	650.29	65.56
62	70Ø4	258.6	329.39	715	300	20.5	31.5	28	15.75	596	275127.01	7696.2	4426.46	289.01	14095.21	939.68	748.55	748.55	65.42
63	70Ø5	294.9	375.69	725	300	23	36.5	28	18.25	596	319781.96	8821.9	5099.31	291.75	16514.14	1100.94	870.34	870.34	66.3
64	70Ø6	359.7	458.21	740	313	27	44	28	22	596	403258.33	10899.2	6334.98	296.66	22622.18	1445.51	1143.72	1143.72	70.26
65	70Ø7	431.2	549.27	758	315	32	53	28	26.5	596	496466.98	13099.7	7693	300.64	27822.55	1766.51	1405.68	1405.68	71.17
66	70Ø8	518.3	660.25	780	317	38	64	28	32	596	616075.38	15797.1	9389.94	305.47	34321.56	2165.4	1734.01	1734.01	72.1
