#	0		A	h	b	s	t	r1	r1	d	Iy	Wy	Sy	iy	Iz	Wz	Wz	Wz	iz
1	15Ê1	26.8	34.17	147	149	6	8.5	11	4.25	108	1366.76	186	103.63	63.25	469.21	62.98	48.05	48.05	37.06
2	15Ê2	31.5	40.14	150	150	7	10	11	5	108	1641.33	218.8	123.04	63.95	563.28	75.1	57.36	57.36	37.46
3	15Ê3	39.1	49.84	155	151	8.5	12.5	11	6.25	108	2117.61	273.2	155.69	65.18	718.46	95.16	72.78	72.78	37.97
4	15Ê4	46.8	59.64	160	152	10	15	11	7.5	108	2629.16	328.6	189.67	66.4	879.66	115.74	88.65	88.65	38.41
5	15Ê5	56.3	71.72	166	153	12	18	11	9	108	3291.43	396.6	232.39	67.74	1077.13	140.8	108.12	108.12	38.75
6	20Ê1	41.4	52.69	196	199	6.5	10	13	5	150	3846.06	392.5	216.41	85.44	1314.47	132.11	100.38	100.38	49.95
7	20Ê2	49.9	63.53	200	200	8	12	13	6	150	4715.63	471.6	262.75	86.15	1601.53	160.15	121.91	121.91	50.21
8	20Ê3	57.8	73.57	204	201	9	14	13	7	150	5602.48	549.3	308.35	87.26	1896.76	188.73	143.72	143.72	50.78
9	20Ê4	69.3	88.27	210	201	10.5	17	13	8.5	150	6962.62	663.1	376.57	88.81	2303.58	229.21	174.72	174.72	51.09
10	20Ê5	78	99.33	214	202	12	19	13	9.5	150	7970.4	744.9	426.84	89.58	2613.86	258.8	197.63	197.63	51.3
11	20Ê6	90.3	114.97	220	202	14	22	13	11	150	9488.15	862.6	500.34	90.84	3027.75	299.78	229.45	229.45	51.32
12	20Ê7	102.9	131.11	226	203	16	25	13	12.5	150	11136.66	985.6	578.16	92.16	3493.41	344.18	263.98	263.98	51.62
13	20Ê8	118.4	150.87	234	203	18	29	13	14.5	150	13375.48	1143.2	679.29	94.16	4053.98	399.41	306.76	306.76	51.84
14	25Ê1	62.6	79.72	246	249	8	12	16	6	190	9170.92	745.6	410.68	107.26	3090.05	248.2	188.61	188.61	62.26
15	25Ê2	72.4	92.18	250	250	9	14	16	7	190	10832.61	866.6	480.25	108.41	3648.81	291.9	221.88	221.88	62.92
16	25Ê3	80.2	102.21	253	251	10	15.5	16	7.75	190	12153.56	960.8	535.41	109.05	4088.75	325.8	247.85	247.85	63.25
17	25Ê4	90.1	114.82	257	252	11	17.5	16	8.75	190	13927.17	1083.9	607.67	110.14	4672.01	370.79	282.18	282.18	63.79
18	25Ê5	102.9	131.15	262	253	12.5	20	16	10	190	16243.92	1240	701.07	111.29	5404.02	427.2	325.46	325.46	64.19
19	25Ê6	115.5	147.13	267	253	14	22.5	16	11.25	190	18593.24	1392.8	793.96	112.42	6080.58	480.68	366.65	366.65	64.29
20	25Ê7	134.9	171.88	274	258	16	26	16	13	190	22416.63	1636.3	942.16	114.2	7452.57	577.72	441.04	441.04	65.85
21	25Ê8	153	194.97	281	259	18	29.5	16	14.75	190	26169.72	1862.6	1083.49	115.86	8556.66	660.75	505.09	505.09	66.25
22	25Ê9	171.3	218.2	288	260	20	33	16	16.5	190	30128.76	2092.3	1228.96	117.51	9685.84	745.06	570.29	570.29	66.63
23	25Ê10	197.5	251.62	298	261	23	38	16	19	190	36112.37	2423.7	1442.84	119.8	11288.1	864.99	663.49	663.49	66.98
24	30Ê1	87	110.8	298	299	9	14	18	7	234	18848.66	1265.1	694.64	130.43	6241.18	417.47	316.82	316.82	75.05
25	30Ê2	94	119.78	300	300	10	15	18	7.5	234	20410.21	1360.7	750.59	130.54	6754.82	450.32	342.13	342.13	75.1
26	30Ê3	105.8	134.78	300	305	15	15	18	7.5	234	21535.21	1435.7	806.84	126.4	7104.75	465.89	358.04	358.04	72.6
27	30Ê4	105.8	134.82	304	301	11	17	18	8.5	234	23380.49	1538.2	852.74	131.69	7732.58	513.79	390.46	390.46	75.73
28	30Ê5	117.4	149.56	308	301	12	19	18	9.5	234	26363	1711.9	953.96	132.77	8642.78	574.27	436.61	436.61	76.02
29	30Ê6	129.3	164.72	312	302	13	21	18	10.5	234	29508.74	1891.6	1059.44	133.84	9648.6	638.98	485.99	485.99	76.53
30	30Ê7	142	180.85	316	302	14.5	23	18	11.5	234	32732.42	2071.7	1167.93	134.53	10569.09	699.94	533.09	533.09	76.45
31	30Ê8	161.8	206.15	316	357	14.5	23	18	11.5	234	38173.52	2416.1	1353.26	136.08	17452.1	977.71	741.49	741.49	92.01
32	30Ê9	182.2	232.14	322	358	16	26	18	13	234	43983.22	2731.9	1541.6	137.65	19896.05	1111.51	843.38	843.38	92.58
33	30Ê10	203.8	259.6	328	359	18	29	18	14.5	234	50113.53	3055.7	1738.68	138.94	22381.15	1246.86	947.13	947.13	92.85
34	30Ê11	225.4	287.18	334	360	20	32	18	16	234	56488.07	3382.6	1939.98	140.25	24906.98	1383.72	1052.25	1052.25	93.13
35	30Ê12	250	318.49	341	361	22	35.5	18	17.75	234	64158.88	3763	2176.26	141.93	27866.02	1543.82	1175.02	1175.02	93.54
36	30Ê13	280.4	357.18	350	362	24	40	18	20	234	74376.59	4250.1	2481.31	144.3	31663.84	1749.38	1332.11	1332.11	94.15
37	30Ê14	310	394.74	356	371	27	43	18	21.5	234	83542.73	4693.4	2760.9	145.48	36649.58	1975.72	1506.68	1506.68	96.36
38	30Ê15	340	433.46	364	372	30	47	18	23.5	234	93889.4	5158.8	3062.8	147.17	40396.22	2171.84	1659.03	1659.03	96.54
39	30Ê16	377	479.8	374	373	33	52	18	26	234	107317.14	5738.9	3441.68	149.56	45068.65	2416.55	1848.28	1848.28	96.92
40	30Ê17	413	526.34	384	374	36	57	18	28.5	234	121512.35	6328.8	3831.76	151.94	49816.72	2664	2040.04	2040.04	97.29
41	30Ê18	456	580.58	396	375	39	63	18	31.5	234	139424.86	7041.7	4307.16	154.97	55520.26	2961.08	2269.45	2269.45	97.79
42	30Ê19	510	650.18	408	385	43	69	18	34.5	234	162282.29	7955	4912.82	157.99	65823.93	3419.43	2622.83	2622.83	100.62
43	30Ê20	564	717.92	422	387	47	76	18	38	234	187072.38	8866	5534.78	161.42	73671.74	3807.33	2923.99	2923.99	101.3
44	30Ê21	632	804.48	440	389	52	85	18	42.5	234	221339.17	10060.9	6361.1	165.87	83732.22	4305	3311.01	3311.01	102.02
45	35Ê1	109.1	139.03	342	348	10	15	20	7.5	272	31247.91	1827.4	1001.17	149.92	10542.2	605.87	459.67	459.67	87.08
46	35Ê1.5	122.8	156.41	346	349	11	17	20	8.5	272	35711.24	2064.3	1135.84	151.1	12051.43	690.63	524.08	524.08	87.78
47	35Ê2	136.5	173.87	350	350	12	19	20	9.5	272	40295.1	2302.6	1272.61	152.23	13585.81	776.33	589.29	589.29	88.39
48	35Ê3	154.2	196.48	355	351	13.5	21.5	20	10.75	272	46230.78	2604.6	1448.66	153.39	15506.8	883.58	671.24	671.24	88.84
49	35Ê4	172.1	219.19	360	352	15	24	20	12	272	52353.71	2908.6	1627.8	154.55	17459.85	992.04	754.25	754.25	89.25
50	35Ê5	190	242	365	353	16.5	26.5	20	13.25	272	58667.45	3214.7	1810.04	155.7	19445.29	1101.72	838.34	838.34	89.64
51	35Ê6	207.9	264.79	369	360	18	28.5	20	14.25	272	64960.87	3521	1991.8	156.63	22183.46	1232.41	938.35	938.35	91.53
52	35Ê7	233	296.87	376	361	20	32	20	16	272	74398.84	3957.4	2256.32	158.31	24100.27	1335.2	1060.65	1060.65	90.1
53	35Ê8	255.5	325.47	382	362	22	35	20	17.5	272	82894.78	4340.1	2491.96	159.59	27708.5	1530.86	1168.17	1168.17	92.27
54	35Ê9	280.9	357.82	389	363	24	38.5	20	19.25	272	93053.13	4784.3	2767.25	161.26	30738.02	1693.55	1293.57	1293.57	92.68
55	35Ê10	307.6	391.87	396	364	26.5	42	20	21	272	103736.95	5239.3	3054.44	162.7	33819.62	1858.22	1421.64	1421.64	92.9
56	35Ê11	344	437.99	404	374	29	46	20	23	272	118982.06	5890.3	3458.4	164.82	40183.35	2148.84	1644.63	1644.63	95.78
57	35Ê12	381	485.77	414	375	32	51	20	25.5	272	135721.12	6556.6	3886.58	167.15	44924.27	2395.96	1836.42	1836.42	96.17
58	35Ê13	419	533.75	424	376	35	56	20	28	272	153322.14	7232.2	4326.2	169.49	49742.07	2645.85	2030.81	2030.81	96.54
59	35Ê14	457	581.93	434	377	38	61	20	30.5	272	171810.19	7917.6	4777.34	171.83	53526.18	2839.59	2227.81	2227.81	95.91
60	35Ê15	503	640.99	446	378	42	67	20	33.5	272	195206.3	8753.7	5336.35	174.51	60526.71	3202.47	2466.48	2466.48	97.17
61	35Ê16	565	719.27	458	392	46	73	20	36.5	272	227053.18	9915	6094.32	177.67	73566.94	3753.42	2891.61	2891.61	101.13
62	35Ê17	619	788.23	472	393	50	80	20	40	272	258357.05	10947.4	6796.66	181.04	81286.56	4136.72	3191.54	3191.54	101.55
63	35Ê18	682	868.47	488	394	55	88	20	44	272	296560.12	12154.1	7629.66	184.79	90173.85	4577.35	3538.66	3538.66	101.9
64	35Ê19	751	956.93	506	395	60	97	20	48.5	272	342451.6	13535.7	8591.51	189.17	100237.83	5075.33	3929.92	3929.92	102.35
65	35Ê20	830	1056.95	520	409	65	104	20	52	272	392963.39	15114	9664.42	192.82	119352.5	5836.31	4520.43	4520.43	106.26
66	35Ê21	912	1162.03	540	411	71	114	20	57	272	454051.03	16816.7	10869.85	197.67	132896.3	6466.97	5017.71	5017.71	106.94
67	35Ê22	1002	1276.17	562	413	77	125	20	62.5	272	526659.94	18742.4	12243.01	203.15	148011.26	7167.62	5568.89	5568.89	107.69
68	35Ê23	1105	1407.19	580	426	84	134	20	67	272	606878.24	20926.9	13777.86	207.67	174271.91	8181.78	6362.61	6362.61	111.29
69	35Ê24	1214	1546.07	604	430	92	146	20	73	272	704826.45	23338.7	15522.09	213.51	195579.55	9096.72	7087.61	7087.61	112.47
70	40Ê1	146.6	186.81	394	398	11	18	22	9	314	56145.32	2850.1	1559.22	173.36	18922.61	950.88	720.4	720.4	100.64
71	40Ê2	171.7	218.69	400	400	13	21	22	10.5	314	66621.42	3331.2	1836.23	174.54	22412.66	1120.63	849.93	849.93	101.23
72	40Ê3	200.1	254.87	406	403	16	24	22	12	314	78039.23	3844.4	2139.84	174.98	26200.17	1300.26	988.59	988.59	101.39
73	40Ê4	231.9	295.39	414	405	18	28	22	14	314	92771.15	4481.8	2513.15	177.22	31026.86	1532.19	1165.56	1165.56	102.49
74	40Ê4.5	255.6	325.61	420	403	20	31	22	15.5	314	103629.72	4934.8	2786.46	178.4	33850.06	1679.9	1279.67	1279.67	101.96
75	40Ê5	290.8	370.49	429	400	23	35.5	22	17.75	314	120290.28	5608	3198.49	180.19	37914.85	1895.74	1447.08	1447.08	101.16
76	40Ê6	306	389.65	438	370	25	40	22	20	314	128432.36	5864.6	3381.88	181.55	33828.57	1828.57	1400.59	1400.59	93.18
77	40Ê7	344	438.29	448	371	28	45	22	22.5	314	148100.17	6611.7	3848.78	183.82	38379.65	2068.98	1587.47	1587.47	93.58
78	40Ê8	382	487.13	458	372	31	50	22	25	314	168699.39	7366.9	4327.2	186.09	43005.92	2312.15	1777.05	1777.05	93.96
79	40Ê9	430	547.21	470	373	35	56	22	28	314	194740.02	8286.9	4920.7	188.65	48584.92	2605.09	2007.28	2007.28	94.23
80	40Ê10	483	615.01	484	374	39	63	22	31.5	314	226537.97	9361.1	5620.76	191.92	55131.73	2948.22	2276.18	2276.18	94.68
81	40Ê11	543	691.21	494	392	43	68	22	34	314	261626.64	10592.2	6402.77	194.55	68534.67	3496.67	2700.52	2700.52	99.57
82	40Ê12	607	773.35	510	393	48	76	22	38	314	303779.07	11913	7286.5	198.19	77250.07	3931.3	3043.64	3043.64	99.94
83	40Ê13	678	863.69	528	394	53	85	22	42.5	314	354176.41	13415.8	8303.29	202.5	87133.4	4423.02	3430.99	3430.99	100.44
84	40Ê14	758	965.87	548	395	59	95	22	47.5	314	414486.61	15127.3	9480.79	207.15	98243.25	4974.34	3868.52	3868.52	100.85
85	40Ê15	849	1081.45	564	410	65	103	22	51.5	314	482318.03	17103.5	10811.51	211.18	119192.53	5814.27	4525.42	4525.42	104.98
86	40Ê16	949	1209.51	588	412	72	115	22	57.5	314	569246.81	19362.2	12395.01	216.94	135224.94	6564.32	5120.62	5120.62	105.74
87	40Ê17	1067	1358.67	616	414	80	129	22	64.5	314	679972.85	22077.1	14322.16	223.71	154171.55	7447.9	5823.25	5823.25	106.52
88	40Ê18	1193	1519.61	638	430	87	140	22	70	314	800682.18	25099.8	16419.75	229.54	187578.94	8724.6	6820.27	6820.27	111.1
89	40Ê19	1332	1696.33	668	435	96	155	22	77.5	314	952172.59	28508.2	18868.64	236.92	215398.07	9903.36	7755.88	7755.88	112.68
