#	0		A	h	b	s	t	r1	r1	d	Iy	Wy	Sy	iy	Iz	Wz	Wz	Wz	iz
1	20컨1	26.6	33.87	207	133	5.8	8.4	7.6	4.2	175	2580.37	249.3	139.48	87.28	329.79	49.59	38.06	38.06	31.2
2	20컨2	31.3	39.97	210	134	6.4	10.2	7.6	5.1	174.4	3137	298.8	167.61	88.6	409.58	61.13	46.88	46.88	32.01
3	25컨1	31.1	39.64	251	146	6	8.6	7.6	4.3	218.6	4395.18	351.1	196.03	105.3	434.15	59.47	47	47	33.1
4	25컨2	37	47.08	256	146	6.3	10.9	7.6	5.45	219	5523.69	432.6	241.08	108.32	515.93	70.67	59.37	59.37	33.1
5	25컨3	43	54.73	260	147	7.2	12.7	7.6	6.35	219.4	6554.72	504.1	283.24	109.44	635.14	86.41	70.26	70.26	34.07
6	25컨4	32.7	41.7	258	146	6.1	9.1	7.6	4.55	224.6	4887.5	378.9	212.12	108.27	472.58	64.74	49.73	49.73	33.67
7	25컨5	38.5	49.24	262	147	6.6	11.2	7.6	5.6	224.4	6007.12	458.6	256.75	110.45	593.66	80.77	61.93	61.93	34.72
8	25컨6	44.8	57.22	266	148	7.6	13	7.6	6.5	224.8	7108.01	534.4	301.04	111.46	703.43	95.06	73.06	73.06	35.06
9	30컨1	28.3	36.12	309	102	6	8.9	7.6	4.45	276	5426.36	351.2	203.38	122.56	158.06	30.99	24.58	24.58	20.92
10	30컨2	32.7	41.76	313	102	6.6	10.8	7.6	5.4	276.2	6496.06	415.1	240.08	124.72	191.85	37.62	29.8	29.8	21.43
11	30컨3	38.7	49.54	310	165	5.8	9.7	8.9	4.85	272.8	8544.97	551.3	306.41	131.33	726.88	88.11	67.41	67.41	38.3
12	30컨4	44.5	57.04	313	166	6.6	11.2	8.9	5.6	272.8	9960.39	636.5	355.1	132.14	854.77	102.98	78.92	78.92	38.71
13	30컨5	52	66.85	317	167	7.6	13.2	8.9	6.6	272.8	11873.01	749.1	419.95	133.27	1025.95	122.87	94.33	94.33	39.17
14	30컨6	40.3	51.3	303	165	6	10.2	8.9	5.1	264.8	8477.7	560.5	311.02	128.56	764.36	92.65	70.87	70.87	38.6
15	30컨7	46.1	58.84	307	166	6.7	11.8	8.9	5.9	265.6	9942.92	645.7	361.13	129.99	959	115.54	83.06	83.06	40.37
16	30컨8	54	68.76	310	167	7.9	13.7	8.9	6.85	264.8	11668.11	753.6	422.55	130.26	1084.57	129.89	97.93	97.93	39.71
17	35컨1	32.9	41.74	349	127	5.8	8.5	10.2	4.25	311.6	8267.33	473.8	271.01	140.74	291	45.83	35.9	35.9	26.4
18	35컨2	39	49.84	353	128	6.5	10.7	10.2	5.35	311.2	10240.24	580.2	331.05	143.34	375.06	58.6	45.83	45.83	27.43
19	35컨3	44.6	57.34	352	171	6.9	9.8	10.2	4.9	312	12166.36	691.3	389.35	145.66	817.94	95.67	73.87	73.87	37.77
20	35컨4	51	64.45	355	171	7.2	11.6	10.2	5.8	311.4	14130.94	796.1	446.97	148.07	968.08	113.23	87.21	87.21	38.76
21	35컨5	58	72.17	358	172	7.9	13.1	10.2	6.55	311.4	16051.94	896.8	504.59	149.14	1112.72	129.39	99.75	99.75	39.27
22	35컨6	67.1	85.45	363	173.2	9.1	15.7	10.2	7.85	311.2	19414.43	1071.2	604.58	150.73	1362.07	157.28	121.48	121.48	39.92
23	35컨7	91	115.93	353	254	9.5	16.4	16	8.2	288.2	26754.31	1515.9	840.02	151.92	4483.14	353	269.04	269.04	62.19
24	35컨8	101	129.17	357	255	10.5	18.3	16	9.15	288.4	30209.81	1692.5	942.22	152.93	5062.32	397.04	302.87	302.87	62.6
25	35컨9	110	140.59	360	256	11.4	19.9	16	9.95	288.2	33153.98	1841.9	1029.6	153.57	5570.48	435.19	332.26	332.26	62.95
26	35컨10	122	155.28	363	257	13	21.7	16	10.85	287.6	36598.34	2016.5	1134.85	153.52	6147.42	478.4	366.17	366.17	62.92
27	40컨1	38.8	49.94	399	140	6.4	8.8	10.2	4.4	361	12656.64	634.4	365.15	159.19	403.59	57.66	45.32	45.32	28.43
28	40컨2	46.1	58.9	403	140	7	11.2	10.2	5.6	360.2	15570.06	772.7	442.32	162.59	513.63	73.38	57.47	57.47	29.53
29	40컨3	53	68.07	403	177	7.5	10.9	10.2	5.45	360.8	18613.44	923.8	522.88	165.36	1009.08	114.02	88.32	88.32	38.5
30	40컨4	60	75.83	407	178	7.7	12.8	10.2	6.4	361	21585.78	1060.8	597.5	168.72	1204.97	135.39	104.49	104.49	39.86
31	40컨5	67	85.99	410	179	8.8	14.4	10.2	7.2	360.8	24557.5	1198	678.1	168.99	1379.08	154.09	119.34	119.34	40.05
32	40컨6	75	95.45	413	180	9.7	16	10.2	8	360.6	27495.01	1331.5	756.09	169.72	1558.58	173.18	134.4	134.4	40.41
33	40컨7	85	108.26	417	181	10.9	18.2	10.2	9.1	360.2	31537.51	1512.6	862.63	170.68	1803.36	199.27	155.06	155.06	40.81
34	45컨1	52	66.28	450	152	7.6	10.8	10.2	5.4	408	21216.72	943	544.31	178.91	634.05	83.43	65.75	65.75	30.93
35	45컨2	60	75.86	455	153	8	13.3	10.2	6.65	408	25498.98	1120.9	642.4	183.34	796.13	104.07	81.54	81.54	32.39
36	45컨3	68	87.29	459	154	9.1	15.4	10.2	7.7	407.8	29698.29	1294.1	744.05	184.45	940.55	122.15	96.04	96.04	32.83
37	45컨4	74.2	94.48	462	154.4	9.6	17	10.2	8.5	407.6	32674.03	1414.5	813.29	185.97	1046.53	135.56	106.56	106.56	33.28
38	45컨5	82.1	104.56	466	155.3	10.5	18.9	10.2	9.45	407.8	36624.88	1571	906.27	187.16	1184.51	152.55	120.2	120.2	33.66
39	45컨6	67.1	85.47	453	189.9	8.5	12.7	10.2	6.35	407.2	29321.46	1296	734.66	185.22	1452.13	152.94	118.65	118.65	41.22
40	45컨7	74	94.51	457	190	9	14.5	10.2	7.25	407.6	33262.54	1455.7	825.08	187.6	1660.63	174.8	135.5	135.5	41.92
41	45컨8	82	104.39	460	191	9.9	16	10.2	8	407.6	37004.02	1608.9	914.58	188.28	1862.06	194.98	151.49	151.49	42.24
42	45컨9	89	113.76	463	192	10.5	17.7	10.2	8.85	407.2	40952.18	1769	1006.08	189.73	2092.64	217.98	169.35	169.35	42.89
43	45컨10	97	123.03	466	193	11.4	19	10.2	9.5	407.6	44505.67	1910.1	1090.07	190.2	2282.42	236.52	184.24	184.24	43.07
44	45컨11	106	134.72	469	194	12.6	20.6	10.2	10.3	407.4	48825.33	2082.1	1193.69	190.37	2514.63	259.24	202.7	202.7	43.2
45	53컨3	92.5	117.78	533	209	10.2	15.6	12.7	7.8	476.4	55247.88	2073.09	1181.72	216.59	2378.94	227.65	177.43	177.43	44.94
46	53컨4	101.4	129.2	537	210	10.9	17.4	12.7	8.7	476.8	61704.21	2298.11	1310.16	218.53	2692.06	256.39	199.87	199.87	45.65
47	53컨5	109	138.88	539	211	11.6	18.8	12.7	9.4	476	66733.09	2476.18	1413.49	219.2	2950.99	279.71	218.28	218.28	46.1
48	53컨6	123.2	156.98	544	212	13.1	21.2	12.7	10.6	476.2	76084.25	2797.22	1604.03	220.15	3377.22	318.61	249.61	249.61	46.38
49	53컨7	138.3	176.16	549	214	14.7	23.6	12.7	11.8	476.4	86085.86	3136.1	1806.63	221.06	3869.52	361.64	284.46	284.46	46.87
50	60컨1	82	104.29	599	178	10	12.8	12.7	6.4	548	55978.88	1869.1	1098.43	231.68	1208.85	135.83	109.1	109.1	34.05
51	60컨2	92	117.54	603	179	10.9	15	12.7	7.5	547.6	64629.04	2143.7	1256.38	234.49	1441.05	161.01	129.24	129.24	35.01
52	60컨3	101	129.51	603	228	10.5	14.9	12.7	7.45	547.8	76354.39	2532.6	1449.82	242.81	2949.85	258.76	202.1	202.1	47.72
53	60컨4	113	144.49	608	228	11.2	17.3	12.7	8.65	548	87546.5	2879.9	1644.93	246.15	3425.2	300.46	234.41	234.41	48.69
54	60컨5	125	159.32	612	229	11.9	19.6	12.7	9.8	547.4	98536.49	3220.2	1837.14	248.7	3932.13	343.42	267.71	267.71	49.68
55	60컨6	140	178.52	617	230	13.1	22.2	12.7	11.1	547.2	111971.16	3629.6	2075.04	250.45	4513.81	392.51	306.53	306.53	50.28
																			
																			
																			
																			
																			
																			
																			
																			
																			
																			
																			
																			
																			
																			
																			
																			
																			
																			
																			
																			
																			
																			
																			
																			
																			
																			
																			
																			
																			
																			
																			
																			
																			
																			
