#		P	A	h	b	s	r
1	50x25x2	2.15	2.74	50	25	2	4
2	50x25x2.5	2.62	3.34	50	25	2.5	5
3	50x25x3	3.07	3.91	50	25	3	6
4	50x25x3.5	3.49	4.44	50	25	3.5	7
5	50x25x4	3.88	4.95	50	25	4	8
6	50x30x2	2.31	2.94	50	30	2	4
7	50x30x2.5	2.82	3.59	50	30	2.5	5
8	50x30x3	3.3	4.21	50	30	3	6
9	50x30x3.5	3.76	4.79	50	30	3.5	7
10	50x30x4	4.2	5.35	50	30	4	8
11	50x30x5	4.99	6.36	50	30	5	10
12	50x40x2	2.62	3.34	50	40	2	4
13	50x40x2.5	3.21	4.09	50	40	2.5	5
14	50x40x3	3.77	4.81	50	40	3	6
15	50x40x3.5	4.31	5.49	50	40	3.5	7
16	50x40x4	4.83	6.15	50	40	4	8
17	50x40x4.5	5.31	6.77	50	40	4.5	9
18	50x40x5	5.77	7.36	50	40	5	10
19	60x30x2	2.62	3.34	60	30	2	4
20	60x30x2.5	3.21	4.09	60	30	2.5	5
21	60x30x3	3.77	4.81	60	30	3	6
22	60x30x3.5	4.31	5.49	60	30	3.5	7
23	60x30x4	4.83	6.15	60	30	4	8
24	60x30x4.5	5.31	6.77	60	30	4.5	9
25	60x30x5	5.77	7.36	60	30	5	10
26	60x30x5.5	6.21	7.91	60	30	5.5	11
27	60x30x6	6.62	8.43	60	30	6	12
28	60x40x2	2.93	3.74	60	40	2	4
29	60x40x2.5	3.6	4.59	60	40	2.5	5
30	60x40x3	4.25	5.41	60	40	3	6
31	60x40x3.5	4.86	6.19	60	40	3.5	7
32	60x40x4	5.45	6.95	60	40	4	8
33	60x40x4.5	6.02	7.67	60	40	4.5	9
34	60x40x5	6.56	8.36	60	40	5	10
35	60x40x5.5	7.07	9.01	60	40	5.5	11
36	60x40x6	7.56	9.63	60	40	6	12
37	70x50x2	3.56	4.54	70	50	2	4
38	70x50x2.5	4.39	5.59	70	50	2.5	5
39	70x50x3	5.19	6.61	70	50	3	6
40	70x50x3.5	5.96	7.59	70	50	3.5	7
41	70x50x4	6.71	8.55	70	50	4	8
42	70x50x4.5	7.43	9.47	70	50	4.5	9
43	70x50x5	8.13	10.36	70	50	5	10
44	70x50x5.5	8.8	11.21	70	50	5.5	11
45	70x50x6	9.45	12.03	70	50	6	12
46	80x40x2	3.56	4.54	80	40	2	4
47	80x40x2.5	4.39	5.59	80	40	2.5	5
48	80x40x3	5.19	6.61	80	40	3	6
49	80x40x3.5	5.96	7.59	80	40	3.5	7
50	80x40x4	6.71	8.55	80	40	4	8
51	80x40x4.5	7.43	9.47	80	40	4.5	9
52	80x40x5	8.13	10.36	80	40	5	10
53	80x40x5.5	8.8	11.21	80	40	5.5	11
54	80x40x6	9.45	12.03	80	40	6	12
55	80x60x2	4.19	5.34	80	60	2	4
56	80x60x2.5	5.17	6.59	80	60	2.5	5
57	80x60x3	6.13	7.81	80	60	3	6
58	80x60x3.5	7.06	8.99	80	60	3.5	7
59	80x60x4	7.97	10.15	80	60	4	8
60	80x60x4.5	8.85	11.27	80	60	4.5	9
61	80x60x5	9.7	12.36	80	60	5	10
62	80x60x5.5	10.53	13.41	80	60	5.5	11
63	80x60x6	11.33	14.43	80	60	6	12
64	80x60x6.5	11.82	15.06	80	60	6.5	16.5
65	80x60x7	12.53	15.96	80	60	7	17.5
66	80x70x3	6.6	8.41	80	70	3	6
67	80x70x3.5	7.61	9.69	80	70	3.5	7
68	80x70x4	8.59	10.95	80	70	4	8
69	80x70x4.5	9.55	12.17	80	70	4.5	9
70	80x70x5	10.48	13.36	80	70	5	10
71	80x70x5.5	11.39	14.51	80	70	5.5	11
72	80x70x6	12.27	15.63	80	70	6	12
73	80x70x6.5	12.84	16.36	80	70	6.5	16.5
74	80x70x7	13.63	17.36	80	70	7	17.5
75	90x50x3	6.13	7.81	90	50	3	6
76	90x50x3.5	7.06	8.99	90	50	3.5	7
77	90x50x4	7.97	10.15	90	50	4	8
78	90x50x4.5	8.85	11.27	90	50	4.5	9
79	90x50x5	9.7	12.36	90	50	5	10
80	90x50x5.5	10.53	13.41	90	50	5.5	11
81	90x50x6	11.33	14.43	90	50	6	12
82	90x50x6.5	11.82	15.06	90	50	6.5	16.5
83	90x50x7	12.53	15.96	90	50	7	17.5
84	90x60x3	6.6	8.41	90	60	3	6
85	90x60x3.5	7.61	9.69	90	60	3.5	7
86	90x60x4	8.59	10.95	90	60	4	8
87	90x60x4.5	9.55	12.17	90	60	4.5	9
88	90x60x5	10.48	13.36	90	60	5	10
89	90x60x5.5	11.39	14.51	90	60	5.5	11
90	90x60x6	12.27	15.63	90	60	6	12
91	90x60x7	13.63	17.36	90	60	7	17.5
92	100x40x3	6.13	7.81	100	40	3	6
93	100x40x3.5	7.06	8.99	100	40	3.5	7
94	100x40x4	7.97	10.15	100	40	4	8
95	100x40x4.5	8.85	11.27	100	40	4.5	9
96	100x40x5	9.7	12.36	100	40	5	10
97	100x40x5.5	10.53	13.41	100	40	5.5	11
98	100x40x6	11.33	14.43	100	40	6	12
99	100x40x6.5	11.82	15.06	100	40	6.5	16.5
100	100x40x7	12.53	15.96	100	40	7	17.5
101	100x50x3	6.6	8.41	100	50	3	6
102	100x50x3.5	7.61	9.69	100	50	3.5	7
103	100x50x4	8.59	10.95	100	50	4	8
104	100x50x4.5	9.55	12.17	100	50	4.5	9
105	100x50x5	10.48	13.36	100	50	5	10
106	100x50x5.5	11.39	14.51	100	50	5.5	11
107	100x50x6	12.27	15.63	100	50	6	12
108	100x50x6.5	12.84	16.36	100	50	6.5	16.5
109	100x50x7	13.63	17.36	100	50	7	17.5
110	100x60x3	7.07	9.01	100	60	3	6
111	100x60x3.5	8.16	10.39	100	60	3.5	7
112	100x60x4	9.22	11.75	100	60	4	8
113	100x60x4.5	10.26	13.07	100	60	4.5	9
114	100x60x5	11.27	14.36	100	60	5	10
115	100x60x5.5	12.25	15.61	100	60	5.5	11
116	100x60x6	13.21	16.83	100	60	6	12
117	100x60x6.5	13.86	17.66	100	60	6.5	16.5
118	100x60x7	14.72	18.76	100	60	7	17.5
119	120x40x3	7.07	9.01	120	40	3	6
120	120x40x3.5	8.16	10.39	120	40	3.5	7
121	120x40x4	9.22	11.75	120	40	4	8
122	120x40x4.5	10.26	13.07	120	40	4.5	9
123	120x40x5	11.27	14.36	120	40	5	10
124	120x40x5.5	12.25	15.61	120	40	5.5	11
125	120x40x6	13.21	16.83	120	40	6	12
126	120x40x6.5	13.86	17.66	120	40	6.5	16.5
127	120x40x7	14.72	18.76	120	40	7	17.5
128	120x60x3	8.01	10.21	120	60	3	6
129	120x60x3.5	9.26	11.79	120	60	3.5	7
130	120x60x4	10.48	13.35	120	60	4	8
131	120x60x4.5	11.67	14.87	120	60	4.5	9
132	120x60x5	12.84	16.36	120	60	5	10
133	120x60x5.5	13.98	17.81	120	60	5.5	11
134	120x60x6	15.1	19.23	120	60	6	12
135	120x60x6.5	15.9	20.26	120	60	6.5	16.5
136	120x60x7	16.92	21.56	120	60	7	17.5
137	120x80x3	8.96	11.41	120	80	3	6
138	120x80x3.5	10.36	13.19	120	80	3.5	7
139	120x80x4	11.73	14.95	120	80	4	8
140	120x80x4.5	13.08	16.67	120	80	4.5	9
141	120x80x5	14.41	18.36	120	80	5	10
142	120x80x5.5	15.71	20.01	120	80	5.5	11
143	120x80x6	16.98	21.63	120	80	6	12
144	120x80x6.5	17.94	22.86	120	80	6.5	16.5
145	120x80x7	19.12	24.36	120	80	7	17.5
146	140x60x3	8.96	11.41	140	60	3	6
147	140x60x3.5	10.36	13.19	140	60	3.5	7
148	140x60x4	11.73	14.95	140	60	4	8
149	140x60x4.5	13.08	16.67	140	60	4.5	9
150	140x60x5	14.41	18.36	140	60	5	10
151	140x60x5.5	15.71	20.01	140	60	5.5	11
152	140x60x6	16.98	21.63	140	60	6	12
153	140x60x6.5	17.94	22.86	140	60	6.5	16.5
154	140x60x7	19.12	24.36	140	60	7	17.5
155	140x100x4	14.25	18.15	140	100	4	8
156	140x100x4.5	15.91	20.27	140	100	4.5	9
157	140x100x5	17.55	22.36	140	100	5	10
158	140x100x5.5	19.16	24.41	140	100	5.5	11
159	140x100x6	20.75	26.43	140	100	6	12
160	140x100x6.5	22.03	28.06	140	100	6.5	16.5
161	140x100x7	23.52	29.96	140	100	7	17.5
162	140x120x4	15.5	19.75	140	120	4	8
163	140x120x4.5	17.32	22.07	140	120	4.5	9
164	140x120x5	19.12	24.36	140	120	5	10
165	140x120x5.5	20.89	26.61	140	120	5.5	11
166	140x120x6	22.63	28.83	140	120	6	12
167	140x120x6.5	24.07	30.66	140	120	6.5	16.5
168	140x120x7	25.71	32.76	140	120	7	17.5
169	140x120x7.5	27.33	34.82	140	120	7.5	19
170	140x120x8	28.92	36.84	140	120	8	20
171	150x100x4	14.87	18.95	150	100	4	8
172	150x100x4.5	16.62	21.17	150	100	4.5	9
173	150x100x5	18.33	23.36	150	100	5	10
174	150x100x5.5	20.03	25.51	150	100	5.5	11
175	150x100x6	21.69	27.63	150	100	6	12
176	150x100x6.5	23.05	29.36	150	100	6.5	16.5
177	150x100x7	24.62	31.36	150	100	7	17.5
178	160x40x3	8.96	11.41	160	40	3	6
179	160x40x3.5	10.36	13.19	160	40	3.5	7
180	160x40x4	11.73	14.95	160	40	4	8
181	160x40x4.5	13.08	16.67	160	40	4.5	9
182	160x40x5	14.41	18.36	160	40	5	10
183	160x40x5.5	15.71	20.01	160	40	5.5	11
184	160x40x6	16.98	21.63	160	40	6	12
185	160x40x6.5	17.94	22.86	160	40	6.5	16.5
186	160x40x7	19.12	24.36	160	40	7	17.5
187	160x80x4	14.25	18.15	160	80	4	8
188	160x80x4.5	15.91	20.27	160	80	4.5	9
189	160x80x5	17.55	22.36	160	80	5	10
190	160x80x5.5	19.16	24.41	160	80	5.5	11
191	160x80x6	20.75	26.43	160	80	6	12
192	160x80x6.5	22.03	28.06	160	80	6.5	16.5
193	160x80x7	23.52	29.96	160	80	7	17.5
194	160x100x4	15.5	19.75	160	100	4	8
195	160x100x4.5	17.32	22.07	160	100	4.5	9
196	160x100x5	19.12	24.36	160	100	5	10
197	160x100x5.5	20.89	26.61	160	100	5.5	11
198	160x100x6	22.63	28.83	160	100	6	12
199	160x100x6.5	24.07	30.66	160	100	6.5	16.5
200	160x100x7	25.71	32.76	160	100	7	17.5
201	160x100x7.5	27.33	34.82	160	100	7.5	19
202	160x100x8	28.92	36.84	160	100	8	20
203	160x120x4	16.76	21.35	160	120	4	8
204	160x120x4.5	18.74	23.87	160	120	4.5	9
205	160x120x5	20.69	26.36	160	120	5	10
206	160x120x5.5	22.62	28.81	160	120	5.5	11
207	160x120x6	24.52	31.23	160	120	6	12
208	160x120x6.5	26.11	33.26	160	120	6.5	16.5
209	160x120x7	27.91	35.56	160	120	7	17.5
210	160x120x7.5	29.69	37.82	160	120	7.5	19
211	160x120x8	31.43	40.04	160	120	8	20
212	160x140x5	22.26	28.36	160	140	5	10
213	160x140x5.5	24.34	31.01	160	140	5.5	11
214	160x140x6	26.4	33.63	160	140	6	12
215	160x140x6.5	28.15	35.86	160	140	6.5	16.5
216	160x140x7	30.11	38.36	160	140	7	17.5
217	160x140x7.5	32.04	40.82	160	140	7.5	19
218	160x140x8	33.95	43.24	160	140	8	20
219	180x60x4	14.25	18.15	180	60	4	8
220	180x60x4.5	15.91	20.27	180	60	4.5	9
221	180x60x5	17.55	22.36	180	60	5	10
222	180x60x5.5	19.16	24.41	180	60	5.5	11
223	180x60x6	20.75	26.43	180	60	6	12
224	180x60x6.5	22.03	28.06	180	60	6.5	16.5
225	180x60x7	23.52	29.96	180	60	7	17.5
226	180x60x7.5	24.98	31.82	180	60	7.5	19
227	180x60x8	26.41	33.64	180	60	8	20
228	180x80x4	15.5	19.75	180	80	4	8
229	180x80x4.5	17.32	22.07	180	80	4.5	9
230	180x80x5	19.12	24.36	180	80	5	10
231	180x80x5.5	20.89	26.61	180	80	5.5	11
232	180x80x6	22.63	28.83	180	80	6	12
233	180x80x6.5	24.07	30.66	180	80	6.5	16.5
234	180x80x7	25.71	32.76	180	80	7	17.5
235	180x80x7.5	27.33	34.82	180	80	7.5	19
236	180x80x8	28.92	36.84	180	80	8	20
237	180x100x4	16.76	21.35	180	100	4	8
238	180x100x4.5	18.74	23.87	180	100	4.5	9
239	180x100x5	20.69	26.36	180	100	5	10
240	180x100x5.5	22.62	28.81	180	100	5.5	11
241	180x100x6	24.52	31.23	180	100	6	12
242	180x100x6.5	26.11	33.26	180	100	6.5	16.5
243	180x100x7	27.91	35.56	180	100	7	17.5
244	180x100x7.5	29.69	37.82	180	100	7.5	19
245	180x100x8	31.43	40.04	180	100	8	20
246	180x140x4	19.27	24.55	180	140	4	8
247	180x140x4.5	21.56	27.47	180	140	4.5	9
248	180x140x5	23.83	30.36	180	140	5	10
249	180x140x5.5	26.07	33.21	180	140	5.5	11
250	180x140x6	28.29	36.03	180	140	6	12
251	180x140x6.5	30.19	38.46	180	140	6.5	16.5
252	180x140x7	32.31	41.16	180	140	7	17.5
253	180x140x7.5	34.4	43.82	180	140	7.5	19
254	180x140x8	36.46	46.44	180	140	8	20
255	200x40x4	14.25	18.15	200	40	4	8
256	200x40x4.5	15.91	20.27	200	40	4.5	9
257	200x40x5	17.55	22.36	200	40	5	10
258	200x40x5.5	19.16	24.41	200	40	5.5	11
259	200x40x6	20.75	26.43	200	40	6	12
260	200x40x6.5	22.03	28.06	200	40	6.5	16.5
261	200x40x7	23.52	29.96	200	40	7	17.5
262	200x80x4	16.76	21.35	200	80	4	8
263	200x80x4.5	18.74	23.87	200	80	4.5	9
264	200x80x5	20.69	26.36	200	80	5	10
265	200x80x5.5	22.62	28.81	200	80	5.5	11
266	200x80x6	24.52	31.23	200	80	6	12
267	200x80x6.5	26.11	33.26	200	80	6.5	16.5
268	200x80x7	27.91	35.56	200	80	7	17.5
269	200x80x7.5	29.69	37.82	200	80	7.5	19
270	200x80x8	31.43	40.04	200	80	8	20
271	200x100x4	18.01	22.95	200	100	4	8
272	200x100x4.5	20.15	25.67	200	100	4.5	9
273	200x100x5	22.26	28.36	200	100	5	10
274	200x100x5.5	24.34	31.01	200	100	5.5	11
275	200x100x6	26.4	33.63	200	100	6	12
276	200x100x6.5	28.15	35.86	200	100	6.5	16.5
277	200x100x7	30.11	38.36	200	100	7	17.5
278	200x100x7.5	32.04	40.82	200	100	7.5	19
279	200x100x8	33.95	43.24	200	100	8	20
280	200x120x4	19.27	24.55	200	120	4	8
281	200x120x4.5	21.56	27.47	200	120	4.5	9
282	200x120x5	23.83	30.36	200	120	5	10
283	200x120x5.5	26.07	33.21	200	120	5.5	11
284	200x120x6	28.29	36.03	200	120	6	12
285	200x120x6.5	30.19	38.46	200	120	6.5	16.5
286	200x120x7	32.31	41.16	200	120	7	17.5
287	200x120x7.5	34.4	43.82	200	120	7.5	19
288	200x120x8	36.46	46.44	200	120	8	20
289	200x160x5	26.97	34.36	200	160	5	10
290	200x160x5.5	29.52	37.61	200	160	5.5	11
291	200x160x6	32.05	40.83	200	160	6	12
292	200x160x6.5	34.27	43.66	200	160	6.5	16.5
293	200x160x7	36.7	46.76	200	160	7	17.5
294	200x160x7.5	39.11	49.82	200	160	7.5	19
295	200x160x8	41.48	52.84	200	160	8	20
296	200x160x8.5	43.83	55.83	200	160	8.5	21.5
297	200x160x9	46.14	58.78	200	160	9	22.5
298	200x160x9.5	48.43	61.69	200	160	9.5	24
299	200x160x10	50.68	64.57	200	160	10	25
300	220x100x4	19.27	24.55	220	100	4	8
301	220x100x4.5	21.56	27.47	220	100	4.5	9
302	220x100x5	23.83	30.36	220	100	5	10
303	220x100x5.5	26.07	33.21	220	100	5.5	11
304	220x100x6	28.29	36.03	220	100	6	12
305	220x100x6.5	30.19	38.46	220	100	6.5	16.5
306	220x100x7	32.31	41.16	220	100	7	17.5
307	220x100x7.5	34.4	43.82	220	100	7.5	19
308	220x100x8	36.46	46.44	220	100	8	20
309	220x140x5	26.97	34.36	220	140	5	10
310	220x140x5.5	29.52	37.61	220	140	5.5	11
311	220x140x6	32.05	40.83	220	140	6	12
312	220x140x6.5	34.27	43.66	220	140	6.5	16.5
313	220x140x7	36.7	46.76	220	140	7	17.5
314	220x140x7.5	39.11	49.82	220	140	7.5	19
315	220x140x8	41.48	52.84	220	140	8	20
316	240x120x5	26.97	34.36	240	120	5	10
317	240x120x5.5	29.52	37.61	240	120	5.5	11
318	240x120x6	32.05	40.83	240	120	6	12
319	240x120x6.5	34.27	43.66	240	120	6.5	16.5
320	240x120x7	36.7	46.76	240	120	7	17.5
321	240x120x7.5	39.11	49.82	240	120	7.5	19
322	240x120x8	41.48	52.84	240	120	8	20
323	240x160x6	35.82	45.63	240	160	6	12
324	240x160x6.5	38.35	48.86	240	160	6.5	16.5
325	240x160x7	41.1	52.36	240	160	7	17.5
326	240x160x7.5	43.82	55.82	240	160	7.5	19
327	240x160x8	46.51	59.24	240	160	8	20
328	240x160x8.5	49.16	62.63	240	160	8.5	21.5
329	240x160x9	51.79	65.98	240	160	9	22.5
330	240x160x9.5	54.39	69.29	240	160	9.5	24
331	240x160x10	56.96	72.57	240	160	10	25
332	240x160x10.5	58.76	74.86	240	160	10.5	31.5
333	240x160x11	61.2	77.97	240	160	11	33
334	240x160x11.5	63.61	81.03	240	160	11.5	34.5
335	240x160x12	65.99	84.06	240	160	12	36
336	250x150x6	35.82	45.63	250	150	6	12
337	250x150x6.5	38.35	48.86	250	150	6.5	16.5
338	250x150x7	41.1	52.36	250	150	7	17.5
339	250x150x7.5	43.82	55.82	250	150	7.5	19
340	250x150x8	46.51	59.24	250	150	8	20
341	260x130x6	34.88	44.43	260	130	6	12
342	260x130x6.5	37.33	47.56	260	130	6.5	16.5
343	260x130x7	40	50.96	260	130	7	17.5
344	260x130x7.5	42.64	54.32	260	130	7.5	19
345	260x130x8	45.25	57.64	260	130	8	20
346	260x130x8.5	47.83	60.93	260	130	8.5	21.5
347	260x130x9	50.38	64.18	260	130	9	22.5
348	260x130x9.5	52.9	67.39	260	130	9.5	24
349	260x130x10	55.39	70.57	260	130	10	25
350	260x130x10.5	57.12	72.76	260	130	10.5	31.5
351	260x130x11	59.48	75.77	260	130	11	33
352	260x130x11.5	61.81	78.73	260	130	11.5	34.5
353	260x130x12	64.1	81.66	260	130	12	36
354	300x100x6	35.82	45.63	300	100	6	12
355	300x100x6.5	38.35	48.86	300	100	6.5	16.5
356	300x100x7	41.1	52.36	300	100	7	17.5
357	300x100x7.5	43.82	55.82	300	100	7.5	19
358	300x100x8	46.51	59.24	300	100	8	20
359	300x100x8.5	49.16	62.63	300	100	8.5	21.5
360	300x100x9	51.79	65.98	300	100	9	22.5
361	300x100x9.5	54.39	69.29	300	100	9.5	24
362	300x100x10	56.96	72.57	300	100	10	25
363	300x200x6	45.24	57.63	300	200	6	12
364	300x200x6.5	48.56	61.86	300	200	6.5	16.5
365	300x200x7	52.09	66.36	300	200	7	17.5
366	300x200x7.5	55.59	70.82	300	200	7.5	19
367	300x200x8	59.07	75.24	300	200	8	20
368	300x200x8.5	62.51	79.63	300	200	8.5	21.5
369	300x200x9	65.92	83.98	300	200	9	22.5
370	300x200x9.5	69.31	88.29	300	200	9.5	24
371	300x200x10	72.66	92.57	300	200	10	25
372	300x200x10.5	75.25	95.86	300	200	10.5	31.5
373	300x200x11	78.47	99.97	300	200	11	33
374	300x200x11.5	81.67	104	300	200	11.5	34.5
375	300x200x12	84.83	108.1	300	200	12	36
376	320x180x6	45.24	57.63	320	180	6	12
377	320x180x6.5	48.56	61.86	320	180	6.5	16.5
378	320x180x7	52.09	66.36	320	180	7	17.5
379	320x180x7.5	55.59	70.82	320	180	7.5	19
380	320x180x8	59.07	75.24	320	180	8	20
381	320x180x8.5	62.51	79.63	320	180	8.5	21.5
382	320x180x9	65.92	83.98	320	180	9	22.5
383	320x180x9.5	69.31	88.29	320	180	9.5	24
384	320x180x10	72.66	92.57	320	180	10	25
385	320x180x10.5	75.25	95.86	320	180	10.5	31.5
386	320x180x11	78.47	99.97	320	180	11	33
387	320x180x11.5	81.67	104	320	180	11.5	34.5
388	320x180x12	84.83	108.1	320	180	12	36
389	350x250x6	54.66	69.63	350	250	6	12
390	350x250x6.5	58.76	74.86	350	250	6.5	16.5
391	350x250x7	63.08	80.36	350	250	7	17.5
392	350x250x7.5	67.37	85.82	350	250	7.5	19
393	350x250x8	71.63	91.24	350	250	8	20
394	350x250x8.5	75.85	96.63	350	250	8.5	21.5
395	350x250x9	80.05	102	350	250	9	22.5
396	350x250x9.5	84.22	107.3	350	250	9.5	24
397	350x250x10	88.36	112.6	350	250	10	25
398	350x250x10.5	91.73	116.9	350	250	10.5	31.5
399	350x250x11	95.74	122	350	250	11	33
400	350x250x11.5	99.72	127	350	250	11.5	34.5
401	350x250x12	103.7	132.1	350	250	12	36
402	350x300x6	59.37	75.63	350	300	6	12
403	350x300x6.5	63.87	81.36	350	300	6.5	16.5
404	350x300x7	68.58	87.36	350	300	7	17.5
405	350x300x7.5	73.26	93.32	350	300	7.5	19
406	350x300x8	77.91	99.24	350	300	8	20
407	350x300x8.5	82.53	105.1	350	300	8.5	21.5
408	350x300x9	87.12	111	350	300	9	22.5
409	350x300x9.5	91.68	116.8	350	300	9.5	24
410	350x300x10	96.21	122.6	350	300	10	25
411	350x300x10.5	99.98	127.4	350	300	10.5	31.5
412	350x300x11	104.4	133	350	300	11	33
413	350x300x11.5	108.7	138.5	350	300	11.5	34.5
414	350x300x12	113.1	144.1	350	300	12	36
415	380x220x6	54.66	69.63	380	220	6	12
416	380x220x6.5	58.76	74.86	380	220	6.5	16.5
417	380x220x7	63.08	80.36	380	220	7	17.5
418	380x220x7.5	67.37	85.82	380	220	7.5	19
419	380x220x8	71.63	91.24	380	220	8	20
420	380x220x10	88.36	112.6	380	220	10	25
421	380x220x10.5	91.73	116.9	380	220	10.5	31.5
422	400x200x11	95.74	122	400	200	11	33
423	400x200x11.5	99.72	127	400	200	11.5	34.5
424	400x200x12	103.7	132.1	400	200	12	36
425	180õ120õ4	18.01	24.55	180	120	4	8
426	180õ120õ5	22.26	30.36	180	120	4	9
427	180õ120õ6	26.4	36.03	180	120	4	10
428	180õ120õ7	30.11	41.16	180	120	4	11
429	180õ120õ8	33.94	46.44	180	120	4	11
