#	имя	Вес		D	s
1	10x1	0.222	0.35	10	1
2	10x1.2	0.26	0.42	10	1.2
3	10.2x1	0.227	0.35	10.2	1
4	10.2x1.2	0.266	0.43	10.2	1.2
5	12x1	0.271	0.41	12	1
6	12x1.2	0.32	0.5	12	1.2
7	12x1.4	0.366	0.59	12	1.4
8	12x1.5	0.388	0.64	12	1.5
9	12x1.6	0.41	0.68	12	1.6
10	13x1	0.296	0.44	13	1
11	13x1.2	0.349	0.54	13	1.2
12	13x1.4	0.401	0.63	13	1.4
13	13x1.5	0.425	0.68	13	1.5
14	13x1.6	0.45	0.73	13	1.6
15	14x1	0.321	0.47	14	1
16	14x1.2	0.379	0.57	14	1.2
17	14x1.4	0.435	0.68	14	1.4
18	14x1.5	0.462	0.73	14	1.5
19	14x1.6	0.489	0.78	14	1.6
20	15x1	0.345	0.5	15	1
21	15x1.2	0.408	0.61	15	1.2
22	15x1.4	0.47	0.72	15	1.4
23	15x1.5	0.499	0.78	15	1.5
24	15x1.6	0.529	0.83	15	1.6
25	16x1	0.37	0.53	16	1
26	16x1.2	0.438	0.65	16	1.2
27	16x1.4	0.504	0.77	16	1.4
28	16x1.5	0.536	0.82	16	1.5
29	16x1.6	0.568	0.88	16	1.6
30	17x1	0.395	0.57	17	1
31	17x1.2	0.468	0.69	17	1.2
32	17x1.4	0.539	0.81	17	1.4
33	17x1.5	0.573	0.87	17	1.5
34	17x1.6	0.608	0.93	17	1.6
35	18x1	0.419	0.6	18	1
36	18x1.2	0.497	0.72	18	1.2
37	18x1.4	0.573	0.85	18	1.4
38	18x1.5	0.61	0.92	18	1.5
39	18x1.6	0.719	0.99	18	1.6
40	18x1.8	0.789	1.12	18	1.8
41	19x1	0.444	0.63	19	1
42	19x1.2	0.527	0.76	19	1.2
43	19x1.4	0.608	0.9	19	1.4
44	19x1.5	0.647	0.97	19	1.5
45	19x1.6	0.687	1.04	19	1.6
46	19x1.8	0.764	1.18	19	1.8
47	19x2	0.838	1.32	19	2
48	20x1	0.469	0.66	20	1
49	20x1.2	0.556	0.8	20	1.2
50	20x1.4	0.642	0.94	20	1.4
51	20x1.5	0.684	1.01	20	1.5
52	20x1.6	0.726	1.09	20	1.6
53	20x1.8	0.808	1.23	20	1.8
54	20x2	0.888	1.38	20	2
55	21.3x1	0.501	0.7	21.3	1
56	21.3x1.2	0.595	0.85	21.3	1.2
57	21.3x1.4	0.687	1	21.3	1.4
58	21.3x1.5	0.732	1.07	21.3	1.5
59	21.3x1.6	0.777	1.15	21.3	1.6
60	21.3x1.8	0.866	1.31	21.3	1.8
61	21.3x2	0.952	1.46	21.3	2
62	22x1	0.518	0.72	22	1
63	22x1.2	0.616	0.87	22	1.2
64	22x1.4	0.711	1.03	22	1.4
65	22x1.5	0.758	1.11	22	1.5
66	22x1.6	0.805	1.19	22	1.6
67	22x1.8	0.897	1.35	22	1.8
68	22x2	0.986	1.51	22	2
69	23x1	0.543	0.75	23	1
70	23x1.2	0.645	0.91	23	1.2
71	23x1.4	0.746	1.07	23	1.4
72	23x1.5	0.795	1.15	23	1.5
73	23x1.6	0.844	1.24	23	1.6
74	23x1.8	0.941	1.4	23	1.8
75	23x2	1.04	1.57	23	2
76	23x2.2	1.13	1.74	23	2.2
77	23x2.5	1.26	2	23	2.5
78	24x1	0.567	0.79	24	1
79	24x1.2	0.675	0.95	24	1.2
80	24x1.4	0.78	1.12	24	1.4
81	24x1.5	0.832	1.2	24	1.5
82	24x1.6	0.884	1.29	24	1.6
83	24x1.8	0.985	1.46	24	1.8
84	24x2	1.09	1.63	24	2
85	24x2.2	1.18	1.81	24	2.2
86	24x2.5	1.33	2.08	24	2.5
87	25x1	0.592	0.82	25	1
88	25x1.2	0.704	0.99	25	1.2
89	25x1.4	0.815	1.16	25	1.4
90	25x1.5	0.869	1.25	25	1.5
91	25x1.6	0.923	1.34	25	1.6
92	25x1.8	1.03	1.52	25	1.8
93	25x2	1.13	1.7	25	2
94	25x2.2	1.24	1.88	25	2.2
95	25x2.5	1.39	2.16	25	2.5
96	26x1	0.617	0.85	26	1
97	26x1.2	0.734	1.03	26	1.2
98	26x1.4	0.849	1.21	26	1.4
99	26x1.5	0.906	1.3	26	1.5
100	26x1.6	0.963	1.39	26	1.6
101	26x1.8	1.07	1.57	26	1.8
102	26x2	1.18	1.76	26	2
103	26x2.2	1.29	1.95	26	2.2
104	26x2.5	1.45	2.24	26	2.5
105	27x1	0.641	0.88	27	1
106	27x1.2	0.764	1.06	27	1.2
107	27x1.4	0.884	1.25	27	1.4
108	27x1.5	0.943	1.34	27	1.5
109	27x1.6	1	1.44	27	1.6
110	27x1.8	1.12	1.63	27	1.8
111	27x2	1.23	1.82	27	2
112	27x2.2	1.35	2.02	27	2.2
113	27x2.5	1.51	2.32	27	2.5
114	28x1	0.666	0.91	28	1
115	28x1.2	0.793	1.1	28	1.2
116	28x1.4	0.918	1.29	28	1.4
117	28x1.5	0.98	1.39	28	1.5
118	28x1.6	1.04	1.49	28	1.6
119	28x1.8	1.16	1.69	28	1.8
120	28x2	1.28	1.88	28	2
121	28x2.2	1.4	2.09	28	2.2
122	28x2.5	1.57	2.4	28	2.5
123	30x1	0.715	0.97	30	1
124	30x1.2	0.852	1.18	30	1.2
125	30x1.4	0.987	1.38	30	1.4
126	30x1.5	1.05	1.48	30	1.5
127	30x1.6	1.12	1.59	30	1.6
128	30x1.8	1.25	1.8	30	1.8
129	30x2	1.38	2.01	30	2
130	30x2.2	1.51	2.23	30	2.2
131	30x2.5	1.7	2.55	30	2.5
132	32x1	0.765	1.04	32	1
133	32x1.2	0.911	1.25	32	1.2
134	32x1.4	1.06	1.47	32	1.4
135	32x1.5	1.13	1.58	32	1.5
136	32x1.6	1.2	1.69	32	1.6
137	32x1.8	1.34	1.91	32	1.8
138	32x2	1.48	2.14	32	2
139	32x2.2	1.62	2.36	32	2.2
140	32x2.5	1.82	2.71	32	2.5
141	32x2.8	2.02	3.06	32	2.8
142	32x3	2.15	3.3	32	3
143	33x1	0.789	1.07	33	1
144	33x1.2	0.941	1.29	33	1.2
145	33x1.4	1.09	1.51	33	1.4
146	33x1.5	1.17	1.63	33	1.5
147	33x1.6	1.24	1.74	33	1.6
148	33x1.8	1.38	1.97	33	1.8
149	33x2	1.53	2.2	33	2
150	33x2.2	1.67	2.43	33	2.2
151	33x2.5	1.88	2.79	33	2.5
152	33x2.8	2.09	3.15	33	2.8
153	33x3	2.22	3.39	33	3
154	33.7x1.2	0.962	1.32	33.7	1.2
155	33.7x1.4	1.12	1.54	33.7	1.4
156	33.7x1.5	1.19	1.66	33.7	1.5
157	33.7x1.6	1.27	1.77	33.7	1.6
158	33.7x1.8	1.42	2.01	33.7	1.8
159	33.7x2	1.56	2.24	33.7	2
160	33.7x2.2	1.71	2.48	33.7	2.2
161	33.7x2.5	1.92	2.84	33.7	2.5
162	33.7x2.8	2.13	3.21	33.7	2.8
163	33.7x3	2.27	3.46	33.7	3
164	35x1.2	1	1.36	35	1.2
165	35x1.4	1.16	1.6	35	1.4
166	35x1.5	1.24	1.72	35	1.5
167	35x1.6	1.32	1.84	35	1.6
168	35x1.8	1.47	2.08	35	1.8
169	35x2	1.63	2.32	35	2
170	35x2.2	1.78	2.57	35	2.2
171	35x2.5	2	2.95	35	2.5
172	35x2.8	2.22	3.33	35	2.8
173	35x3	2.37	3.58	35	3
174	36x1.2	1.03	1.4	36	1.2
175	36x1.4	1.19	1.64	36	1.4
176	36x1.5	1.28	1.77	36	1.5
177	36x1.6	1.36	1.89	36	1.6
178	36x1.8	1.52	2.14	36	1.8
179	36x2	1.68	2.39	36	2
180	36x2.2	1.83	2.64	36	2.2
181	36x2.5	2.07	3.02	36	2.5
182	36x2.8	2.29	3.41	36	2.8
183	36x3	2.44	3.68	36	3
184	38x1.2	1.09	1.48	38	1.2
185	38x1.4	1.26	1.73	38	1.4
186	38x1.5	1.35	1.86	38	1.5
187	38x1.6	1.44	1.99	38	1.6
188	38x1.8	1.61	2.25	38	1.8
189	38x2	1.78	2.51	38	2
190	38x2.2	1.94	2.78	38	2.2
191	38x2.5	2.19	3.18	38	2.5
192	38x2.8	2.43	3.59	38	2.8
193	38x3	2.59	3.86	38	3
194	40x1.2	1.15	1.55	40	1.2
195	40x1.4	1.33	1.82	40	1.4
196	40x1.5	1.42	1.96	40	1.5
197	40x1.6	1.52	2.09	40	1.6
198	40x1.8	1.7	2.36	40	1.8
199	40x2	1.87	2.64	40	2
200	40x2.2	2.05	2.92	40	2.2
201	40x2.5	2.31	3.34	40	2.5
202	40x2.8	2.57	3.76	40	2.8
203	40x3	2.74	4.05	40	3
204	42x1.2	1.21	1.63	42	1.2
205	42x1.4	1.4	1.91	42	1.4
206	42x1.5	1.5	2.05	42	1.5
207	42x1.6	1.59	2.19	42	1.6
208	42x1.8	1.78	2.48	42	1.8
209	42x2	1.97	2.76	42	2
210	42x2.2	2.16	3.05	42	2.2
211	42x2.5	2.44	3.5	42	2.5
212	42x2.8	2.71	3.94	42	2.8
213	42x3	2.89	4.24	42	3
214	44.5x1.2	1.28	1.72	44.5	1.2
215	44.5x1.4	1.49	2.02	44.5	1.4
216	44.5x1.5	1.59	2.17	44.5	1.5
217	44.5x1.6	1.69	2.32	44.5	1.6
218	44.5x1.8	1.9	2.62	44.5	1.8
219	44.5x2	2.1	2.92	44.5	2
220	44.5x2.2	2.29	3.23	44.5	2.2
221	44.5x2.5	2.59	3.69	44.5	2.5
222	44.5x2.8	2.88	4.16	44.5	2.8
223	44.5x3	3.07	4.48	44.5	3
224	45x1.2	1.3	1.74	45	1.2
225	45x1.4	1.51	2.04	45	1.4
226	45x1.5	1.61	2.19	45	1.5
227	45x1.6	1.71	2.34	45	1.6
228	45x1.8	1.92	2.65	45	1.8
229	45x2	2.12	2.95	45	2
230	45x2.2	2.32	3.26	45	2.2
231	45x2.5	2.62	3.73	45	2.5
232	45x2.8	2.91	4.2	45	2.8
233	45x3	3.11	4.52	45	3
234	48x1.4	1.61	2.17	48	1.4
235	48x1.5	1.72	2.33	48	1.5
236	48x1.6	1.83	2.49	48	1.6
237	48x1.8	2.05	2.82	48	1.8
238	48x2	2.27	3.14	48	2
239	48x2.2	2.48	3.47	48	2.2
240	48x2.5	2.81	3.97	48	2.5
241	48x2.8	3.12	4.47	48	2.8
242	48x3	3.33	4.81	48	3
243	48x3.2	3.54	5.15	48	3.2
244	48x3.5	3.84	5.66	48	3.5
245	48.3x1.4	1.62	2.19	48.3	1.4
246	48.3x1.5	1.73	2.35	48.3	1.5
247	48.3x1.6	1.84	2.51	48.3	1.6
248	48.3x1.8	2.06	2.83	48.3	1.8
249	48.3x2	2.28	3.16	48.3	2
250	48.3x2.2	2.5	3.49	48.3	2.2
251	48.3x2.5	2.82	3.99	48.3	2.5
252	48.3x2.8	3.14	4.49	48.3	2.8
253	48.3x3	3.35	4.83	48.3	3
254	48.3x3.2	3.56	5.18	48.3	3.2
255	48.3x3.5	3.87	5.7	48.3	3.5
256	51x1.4	1.71	2.3	51	1.4
257	51x1.5	1.83	2.47	51	1.5
258	51x1.6	1.95	2.64	51	1.6
259	51x1.8	2.18	2.99	51	1.8
260	51x2	2.42	3.33	51	2
261	51x2.2	2.65	3.68	51	2.2
262	51x2.5	2.99	4.2	51	2.5
263	51x2.8	3.33	4.73	51	2.8
264	51x3	3.55	5.09	51	3
265	51x3.2	3.77	5.45	51	3.2
266	51x3.5	4.1	5.99	51	3.5
267	53x1.4	1.78	2.39	53	1.4
268	53x1.5	1.91	2.57	53	1.5
269	53x1.6	2.03	2.74	53	1.6
270	53x1.8	2.27	3.1	53	1.8
271	53x2	2.52	3.46	53	2
272	53x2.2	2.76	3.82	53	2.2
273	53x2.5	3.11	4.36	53	2.5
274	53x2.8	3.47	4.91	53	2.8
275	53x3	3.7	5.28	53	3
276	53x3.2	3.93	5.65	53	3.2
277	53x3.5	4.27	6.21	53	3.5
278	54x1.4	1.82	2.44	54	1.4
279	54x1.5	1.94	2.62	54	1.5
280	54x1.6	2.07	2.79	54	1.6
281	54x1.8	2.32	3.16	54	1.8
282	54x2	2.56	3.52	54	2
283	54x2.2	2.81	3.88	54	2.2
284	54x2.5	3.18	4.44	54	2.5
285	54x2.8	3.54	5	54	2.8
286	54x3	3.77	5.37	54	3
287	54x3.2	4.01	5.75	54	3.2
288	54x3.5	4.36	6.32	54	3.5
289	57x1.4	1.92	2.57	57	1.4
290	57x1.5	2.05	2.76	57	1.5
291	57x1.6	2.19	2.95	57	1.6
292	57x1.8	2.45	3.33	57	1.8
293	57x2	2.71	3.71	57	2
294	57x2.2	2.97	4.09	57	2.2
295	57x2.5	3.36	4.67	57	2.5
296	57x2.8	3.74	5.26	57	2.8
297	57x3	4	5.65	57	3
298	57x3.2	4.25	6.05	57	3.2
299	57x3.5	4.62	6.65	57	3.5
300	60x1.4	2.02	2.7	60	1.4
301	60x1.5	2.16	2.9	60	1.5
302	60x1.6	2.3	3.1	60	1.6
303	60x1.8	2.58	3.49	60	1.8
304	60x2	2.86	3.9	60	2
305	60x2.2	3.14	4.3	60	2.2
306	60x2.5	3.54	4.91	60	2.5
307	60x2.8	3.95	5.52	60	2.8
308	60x3	4.22	5.94	60	3
309	60x3.2	4.48	6.35	60	3.2
310	60x3.5	4.88	6.98	60	3.5
311	60x3.8	5.27	7.62	60	3.8
312	63.5x1.4	2.14	2.85	63.5	1.4
313	63.5x1.5	2.29	3.06	63.5	1.5
314	63.5x1.6	2.44	3.27	63.5	1.6
315	63.5x1.8	2.74	3.69	63.5	1.8
316	63.5x2	3.03	4.12	63.5	2
317	63.5x2.2	3.33	4.54	63.5	2.2
318	63.5x2.5	3.76	5.18	63.5	2.5
319	63.5x2.8	4.19	5.83	63.5	2.8
320	63.5x3	4.48	6.27	63.5	3
321	63.5x3.2	4.76	6.71	63.5	3.2
322	63.5x3.5	5.18	7.37	63.5	3.5
323	63.5x3.8	5.59	8.03	63.5	3.8
324	70x1.4	2.37	3.14	70	1.4
325	70x1.5	2.53	3.37	70	1.5
326	70x1.6	2.7	3.6	70	1.6
327	70x1.8	3.03	4.06	70	1.8
328	70x2	3.35	4.52	70	2
329	70x2.2	3.68	4.99	70	2.2
330	70x2.5	4.16	5.69	70	2.5
331	70x2.8	4.64	6.4	70	2.8
332	70x3	4.96	6.88	70	3
333	70x3.2	5.27	7.36	70	3.2
334	70x3.5	5.74	8.08	70	3.5
335	70x3.8	6.2	8.81	70	3.8
336	70x4	6.51	9.3	70	4
337	73x1.4	2.47	3.27	73	1.4
338	73x1.5	2.64	3.51	73	1.5
339	73x1.6	2.82	3.75	73	1.6
340	73x1.8	3.16	4.23	73	1.8
341	73x2	3.5	4.71	73	2
342	73x2.2	3.84	5.2	73	2.2
343	73x2.5	4.35	5.93	73	2.5
344	73x2.8	4.85	6.67	73	2.8
345	73x3	5.18	7.16	73	3
346	73x3.2	5.51	7.66	73	3.2
347	73x3.5	6	8.41	73	3.5
348	73x3.8	6.48	9.17	73	3.8
349	73x4	6.81	9.68	73	4
350	76x1.4	2.58	3.4	76	1.4
351	76x1.5	2.76	3.65	76	1.5
352	76x1.6	2.94	3.9	76	1.6
353	76x1.8	3.29	4.4	76	1.8
354	76x2	3.65	4.9	76	2
355	76x2.2	4	5.4	76	2.2
356	76x2.5	4.53	6.17	76	2.5
357	76x2.8	5.05	6.93	76	2.8
358	76x3	5.4	7.45	76	3
359	76x3.2	5.74	7.96	76	3.2
360	76x3.5	6.26	8.74	76	3.5
361	76x3.8	6.77	9.53	76	3.8
362	76x4	7.1	10.05	76	4
363	76x4.5	7.93	11.38	76	4.5
364	76x5	8.75	12.72	76	5
365	76x5.5	9.56	14.08	76	5.5
366	83x1.6	3.21	4.25	83	1.6
367	83x1.8	3.6	4.8	83	1.8
368	83x2	4	5.34	83	2
369	83x2.2	4.38	5.89	83	2.2
370	83x2.5	4.96	6.72	83	2.5
371	83x2.8	5.54	7.55	83	2.8
372	83x3	5.92	8.11	83	3
373	83x3.2	6.3	8.67	83	3.2
374	83x3.5	6.86	9.51	83	3.5
375	83x3.8	7.42	10.36	83	3.8
376	83x4	7.79	10.93	83	4
377	83x4.5	8.71	12.37	83	4.5
378	83x5	9.62	13.82	83	5
379	83x5.5	10.51	15.29	83	5.5
380	89x1.6	3.45	4.55	89	1.6
381	89x1.8	3.87	5.13	89	1.8
382	89x2	4.29	5.72	89	2
383	89x2.2	4.71	6.3	89	2.2
384	89x2.5	5.33	7.19	89	2.5
385	89x2.8	5.95	8.08	89	2.8
386	89x3	6.36	8.67	89	3
387	89x3.2	6.77	9.27	89	3.2
388	89x3.5	7.38	10.17	89	3.5
389	89x3.8	7.98	11.08	89	3.8
390	89x4	8.38	11.69	89	4
391	89x4.5	9.38	13.22	89	4.5
392	89x5	10.36	14.77	89	5
393	89x5.5	11.33	16.33	89	5.5
394	95x2	4.59	6.09	95	2
395	95x2.5	5.7	7.66	95	2.5
396	95x3.2	7.24	9.87	95	3.2
397	95x5	11.1	15.71	95	5
398	102x1.8	4.45	5.87	102	1.8
399	102x2	4.93	6.53	102	2
400	102x2.2	5.41	7.2	102	2.2
401	102x2.5	6.13	8.21	102	2.5
402	102x2.8	6.85	9.22	102	2.8
403	102x3	7.32	9.9	102	3
404	102x3.2	7.8	10.58	102	3.2
405	102x3.5	8.5	11.6	102	3.5
406	102x3.8	9.2	12.63	102	3.8
407	102x4	9.67	13.32	102	4
408	102x4.5	10.82	15.06	102	4.5
409	102x5	11.96	16.81	102	5
410	102x5.5	13.09	18.57	102	5.5
411	108x1.8	4.71	6.21	108	1.8
412	108x2	5.23	6.91	108	2
413	108x2.2	5.74	7.62	108	2.2
414	108x2.5	6.5	8.68	108	2.5
415	108x2.8	7.26	9.75	108	2.8
416	108x3	7.77	10.46	108	3
417	108x3.2	8.27	11.18	108	3.2
418	108x3.5	9.02	12.26	108	3.5
419	108x3.8	9.76	13.35	108	3.8
420	108x4	10.26	14.07	108	4
421	108x4.5	11.49	15.9	108	4.5
422	108x5	12.7	17.75	108	5
423	108x5.5	13.9	19.61	108	5.5
424	114x1.8	4.98	6.55	114	1.8
425	114x2	5.52	7.29	114	2
426	114x2.2	6.07	8.03	114	2.2
427	114x2.5	6.87	9.15	114	2.5
428	114x2.8	7.68	10.27	114	2.8
429	114x3	8.21	11.03	114	3
430	114x3.2	8.74	11.78	114	3.2
431	114x3.5	9.54	12.92	114	3.5
432	114x3.8	10.33	14.06	114	3.8
433	114x4	10.85	14.83	114	4
434	114x4.5	12.15	16.75	114	4.5
435	114x5	13.44	18.69	114	5
436	114x5.5	14.72	20.65	114	5.5
437	127x1.8	5.56	7.28	127	1.8
438	127x2	6.17	8.11	127	2
439	127x2.2	6.77	8.93	127	2.2
440	127x2.5	7.68	10.17	127	2.5
441	127x2.8	8.58	11.42	127	2.8
442	127x3	9.17	12.25	127	3
443	127x3.2	9.77	13.09	127	3.2
444	127x3.5	10.66	14.35	127	3.5
445	127x3.8	11.55	15.61	127	3.8
446	127x4	12.13	16.46	127	4
447	127x4.5	13.59	18.59	127	4.5
448	127x5	15.04	20.73	127	5
449	127x5.5	16.48	22.89	127	5.5
450	133x1.8	5.82	7.62	133	1.8
451	133x2	6.46	8.48	133	2
452	133x2.2	7.1	9.34	133	2.2
453	133x2.5	8.05	10.64	133	2.5
454	133x2.8	8.99	11.95	133	2.8
455	133x3	9.62	12.82	133	3
456	133x3.2	10.24	13.69	133	3.2
457	133x3.5	11.18	15.01	133	3.5
458	133x3.8	12.11	16.33	133	3.8
459	133x4	12.72	17.22	133	4
460	133x4.5	14.26	19.44	133	4.5
461	133x5	15.78	21.68	133	5
462	133x5.5	17.29	23.93	133	5.5
463	140x1.8	6.13	8.02	140	1.8
464	140x2	6.81	8.92	140	2
465	140x2.2	7.48	9.83	140	2.2
466	140x2.5	8.48	11.19	140	2.5
467	140x2.8	9.47	12.56	140	2.8
468	140x3	10.14	13.48	140	3
469	140x3.2	10.8	14.4	140	3.2
470	140x3.5	11.78	15.78	140	3.5
471	140x3.8	12.76	17.17	140	3.8
472	140x4	13.42	18.1	140	4
473	140x4.5	15.04	20.43	140	4.5
474	140x5	16.65	22.78	140	5
475	140x5.5	18.24	25.14	140	5.5
476	152x1.8	6.67	8.7	152	1.8
477	152x2	7.4	9.68	152	2
478	152x2.2	8.13	10.66	152	2.2
479	152x2.5	9.22	12.13	152	2.5
480	152x2.8	10.3	13.62	152	2.8
481	152x3	11.02	14.61	152	3
482	152x3.2	11.74	15.6	152	3.2
483	152x3.5	12.82	17.1	152	3.5
484	152x3.8	13.89	18.6	152	3.8
485	152x4	14.6	19.6	152	4
486	152x4.5	16.37	22.12	152	4.5
487	152x5	18.13	24.66	152	5
488	152x5.5	19.87	27.21	152	5.5
489	159x1.8	6.98	9.09	159	1.8
490	159x2	7.74	10.12	159	2
491	159x2.2	8.51	11.14	159	2.2
492	159x2.5	9.65	12.68	159	2.5
493	159x2.8	10.79	14.23	159	2.8
494	159x3	11.54	15.27	159	3
495	159x3.2	12.29	16.31	159	3.2
496	159x3.5	13.42	17.87	159	3.5
497	159x3.8	14.54	19.44	159	3.8
498	159x4	15.29	20.48	159	4
499	159x4.5	17.15	23.11	159	4.5
500	159x5	18.99	25.76	159	5
501	159x5.5	20.82	28.42	159	5.5
502	159x6	22.64	31.1	159	6
503	159x7	26.24	36.51	159	7
504	159x8	29.79	41.97	159	8
505	168x1.8	7.38	9.6	168	1.8
506	168x2	8.19	10.68	168	2
507	168x2.2	9	11.76	168	2.2
508	168x2.5	10.2	13.39	168	2.5
509	168x2.8	11.41	15.02	168	2.8
510	168x3	12.21	16.12	168	3
511	168x3.2	13.01	17.21	168	3.2
512	168x3.5	14.2	18.86	168	3.5
513	168x3.8	15.39	20.51	168	3.8
514	168x4	16.18	21.61	168	4
515	168x4.5	18.14	24.39	168	4.5
516	168x5	20.1	27.17	168	5
517	168x5.5	22.04	29.98	168	5.5
518	168x6	23.97	32.8	168	6
519	168x7	27.79	38.48	168	7
520	168x8	31.57	44.23	168	8
521	177.8x1.8	7.81	10.16	177.8	1.8
522	177.8x2	8.67	11.3	177.8	2
523	177.8x2.2	9.53	12.44	177.8	2.2
524	177.8x2.5	10.81	14.16	177.8	2.5
525	177.8x2.8	12.08	15.89	177.8	2.8
526	177.8x3	12.93	17.04	177.8	3
527	177.8x3.2	13.78	18.2	177.8	3.2
528	177.8x3.5	15.04	19.93	177.8	3.5
529	177.8x3.8	16.31	21.68	177.8	3.8
530	177.8x4	17.14	22.85	177.8	4
531	177.8x4.5	19.23	25.77	177.8	4.5
532	177.8x5	21.31	28.71	177.8	5
533	177.8x5.5	23.37	31.67	177.8	5.5
534	177.8x6	25.42	34.65	177.8	6
535	177.8x7	29.48	40.64	177.8	7
536	177.8x8	33.5	46.7	177.8	8
537	180x4	17.36	23.12	180	4
538	180x5	21.58	29.06	180	5
539	193.7x2	9.45	12.3	193.7	2
540	193.7x2.2	10.39	13.54	193.7	2.2
541	193.7x2.5	11.79	15.41	193.7	2.5
542	193.7x2.8	13.18	17.29	193.7	2.8
543	193.7x3	14.11	18.54	193.7	3
544	193.7x3.2	15.03	19.79	193.7	3.2
545	193.7x3.5	16.42	21.68	193.7	3.5
546	193.7x3.8	17.8	23.58	193.7	3.8
547	193.7x4	18.71	24.84	193.7	4
548	193.7x4.5	21	28.02	193.7	4.5
549	193.7x5	23.27	31.21	193.7	5
550	193.7x5.5	25.53	34.42	193.7	5.5
551	193.7x6	27.77	37.64	193.7	6
552	193.7x7	32.23	44.14	193.7	7
553	193.7x8	36.64	50.69	193.7	8
554	219x2.5	13.35	17.4	219	2.5
555	219x2.8	14.93	19.51	219	2.8
556	219x3	15.98	20.92	219	3
557	219x3.2	17.03	22.34	219	3.2
558	219x3.5	18.6	24.47	219	3.5
559	219x3.8	20.17	26.6	219	3.8
560	219x4	21.21	28.02	219	4
561	219x4.5	23.8	31.6	219	4.5
562	219x5	26.39	35.19	219	5
563	219x5.5	28.96	38.79	219	5.5
564	219x6	31.52	42.41	219	6
565	219x7	36.6	49.7	219	7
566	219x8	41.63	57.05	219	8
567	219x9	46.61	64.47	219	9
568	244.5x3	17.87	23.33	244.5	3
569	244.5x3.2	19.04	24.9	244.5	3.2
570	244.5x3.5	20.8	27.27	244.5	3.5
571	244.5x3.8	22.56	29.64	244.5	3.8
572	244.5x4	23.72	31.23	244.5	4
573	244.5x4.5	26.63	35.2	244.5	4.5
574	244.5x5	29.53	39.19	244.5	5
575	244.5x5.5	32.42	43.2	244.5	5.5
576	244.5x6	35.29	47.22	244.5	6
577	244.5x7	41	55.31	244.5	7
578	244.5x8	46.66	63.46	244.5	8
579	244.5x9	52.27	71.68	244.5	9
580	273x3.5	23.26	30.4	273	3.5
581	273x3.8	25.23	33.04	273	3.8
582	273x4	26.53	34.81	273	4
583	273x4.5	29.8	39.23	273	4.5
584	273x5	33.05	43.67	273	5
585	273x5.5	36.28	48.12	273	5.5
586	273x6	39.51	52.59	273	6
587	273x7	45.92	61.58	273	7
588	273x8	52.28	70.62	273	8
589	273x9	58.59	79.73	273	9
590	325x4	31.66	41.34	325	4
591	325x4.5	35.57	46.58	325	4.5
592	325x5	39.46	51.84	325	5
593	325x5.5	43.34	57.11	325	5.5
594	325x6	47.2	62.39	325	6
595	325x7	54.89	73.01	325	7
596	325x8	62.54	83.69	325	8
597	325x9	70.14	94.44	325	9
598	355.6x4	34.68	45.19	355.6	4
599	355.6x4.5	38.96	50.91	355.6	4.5
600	355.6x5	43.23	56.64	355.6	5
601	355.6x5.5	47.49	62.39	355.6	5.5
602	355.6x6	51.73	68.16	355.6	6
603	355.6x7	60.18	79.74	355.6	7
604	355.6x8	68.58	91.38	355.6	8
605	355.6x9	76.93	103.09	355.6	9
606	355.6x10	85.23	114.86	355.6	10
607	377x4	36.79	47.88	377	4
608	377x4.5	41.34	53.93	377	4.5
609	377x5	45.87	60	377	5
610	377x5.5	50.39	66.09	377	5.5
611	377x6	54.89	72.19	377	6
612	377x7	63.87	84.45	377	7
613	377x8	72.8	96.76	377	8
614	377x9	81.68	109.14	377	9
615	377x10	90.51	121.58	377	10
616	406.4x4	39.69	51.57	406.4	4
617	406.4x4.5	44.6	58.09	406.4	4.5
618	406.4x5	49.49	64.62	406.4	5
619	406.4x5.5	54.38	71.17	406.4	5.5
620	406.4x6	59.25	77.74	406.4	6
621	406.4x7	68.95	90.91	406.4	7
622	406.4x8	78.6	104.15	406.4	8
623	406.4x9	88.2	117.45	406.4	9
624	406.4x10	97.76	130.82	406.4	10
625	406.4x11	107.26	144.24	406.4	11
626	406.4x12	116.71	157.73	406.4	12
627	426x4	41.63	54.04	426	4
628	426x4.5	46.78	60.86	426	4.5
629	426x5	51.91	67.7	426	5
630	426x5.5	57.03	74.56	426	5.5
631	426x6	62.15	81.43	426	6
632	426x7	72.33	95.22	426	7
633	426x8	82.47	109.08	426	8
634	426x9	92.55	122.99	426	9
635	426x10	102.59	136.97	426	10
636	426x11	112.58	151.02	426	11
637	426x12	122.51	165.12	426	12
638	478x5	58.32	75.87	478	5
639	478x5.5	64.09	83.54	478	5.5
640	478x6	69.84	91.23	478	6
641	478x7	81.31	106.66	478	7
642	478x8	92.72	122.15	478	8
643	478x9	104.09	137.7	478	9
644	478x10	115.41	153.31	478	10
645	478x11	126.68	168.99	478	11
646	478x12	137.9	184.73	478	12
647	530x5	64.73	84.04	530	5
648	530x5.5	71.14	92.53	530	5.5
649	530x6	77.53	101.03	530	6
650	530x7	90.28	118.09	530	7
651	530x8	102.98	135.21	530	8
652	530x9	115.63	152.4	530	9
653	530x10	128.24	169.65	530	10
654	530x11	140.79	186.96	530	11
655	530x12	153.29	204.33	530	12
656	530x13	165.75	221.77	530	13
657	530x14	178.15	239.26	530	14
658	530x16	202.81	274.45	530	16
659	530x17	215.07	292.14	530	17
660	530x17.5	221.18	301	530	17.5
661	530x18	227.27	309.89	530	18
662	530x19	239.43	327.7	530	19
663	530x20	251.54	345.58	530	20
664	530x21	263.6	363.51	530	21
665	530x22	275.61	381.52	530	22
666	530x23	287.57	399.58	530	23
667	530x24	299.48	417.71	530	24
668	630x7	107.55	140.08	630	7
669	630x8	122.71	160.35	630	8
670	630x9	137.83	180.67	630	9
671	630x10	152.9	201.06	630	10
672	630x11	167.92	221.51	630	11
673	630x12	182.88	242.03	630	12
674	630x13	197.8	262.61	630	13
675	630x14	212.67	283.25	630	14
676	630x16	242.27	324.72	630	16
677	630x17	256.99	345.54	630	17
678	630x17.5	264.33	355.98	630	17.5
679	630x18	271.66	366.44	630	18
680	630x19	286.29	387.39	630	19
681	630x20	300.86	408.41	630	20
682	720x7	123.08	159.88	720	7
683	720x8	140.47	182.97	720	8
684	720x9	157.8	206.12	720	9
685	720x10	175.09	229.34	720	10
686	720x11	192.33	252.62	720	11
687	720x12	209.52	275.96	720	12
688	720x13	226.66	299.36	720	13
689	720x14	243.75	322.83	720	14
690	720x16	277.78	369.95	720	16
691	720x17	294.72	393.61	720	17
692	720x17.5	303.17	405.46	720	17.5
693	720x18	311.61	417.33	720	18
694	720x19	328.46	441.11	720	19
695	720x20	345.25	464.96	720	20
696	720x21	362	488.86	720	21
697	720x22	378.69	512.83	720	22
698	720x23	395.34	536.87	720	23
699	720x24	411.93	560.96	720	24
700	720x25	428.48	585.12	720	25
701	720x26	444.98	609.34	720	26
702	720x27	461.43	633.63	720	27
703	720x28	477.83	657.98	720	28
704	720x29	494.18	682.39	720	29
705	720x30	510.48	706.86	720	30
706	820x7	140.34	181.87	820	7
707	820x8	160.2	208.1	820	8
708	820x9	180	234.39	820	9
709	820x10	199.75	260.75	820	10
710	820x11	219.46	287.17	820	11
711	820x12	239.11	313.66	820	12
712	820x13	258.72	340.2	820	13
713	820x14	278.27	366.81	820	14
714	820x16	317.24	420.22	820	16
715	820x17	336.64	447.02	820	17
716	820x17.5	346.33	460.44	820	17.5
717	820x18	356	473.88	820	18
718	820x19	375.31	500.8	820	19
719	820x20	394.57	527.79	820	20
720	820x21	413.78	554.84	820	21
721	820x22	432.94	581.95	820	22
722	820x23	452.06	609.12	820	23
723	820x24	471.12	636.36	820	24
724	820x25	490.13	663.66	820	25
725	820x26	509.1	691.02	820	26
726	820x27	528.01	718.45	820	27
727	820x28	546.88	745.94	820	28
728	820x29	565.69	773.49	820	29
729	820x30	584.46	801.11	820	30
730	920x7	157.61	203.86	920	7
731	920x8	179.93	233.23	920	8
732	920x9	202.19	262.67	920	9
733	920x10	224.41	292.17	920	10
734	920x11	246.58	321.73	920	11
735	920x12	268.7	351.36	920	12
736	920x13	290.78	381.04	920	13
737	920x14	312.8	410.79	920	14
738	920x16	356.69	470.48	920	16
739	920x17	378.57	500.42	920	17
740	920x17.5	389.49	515.42	920	17.5
741	920x18	400.39	530.43	920	18
742	920x19	422.17	560.49	920	19
743	920x20	443.89	590.62	920	20
744	1020x8	199.65	258.36	1020	8
745	1020x9	224.39	290.94	1020	9
746	1020x10	249.07	323.58	1020	10
747	1020x11	273.71	356.29	1020	11
748	1020x12	298.3	389.05	1020	12
749	1020x13	322.83	421.88	1020	13
750	1020x14	347.32	454.78	1020	14
751	1020x16	396.15	520.75	1020	16
752	1020x17	420.49	553.83	1020	17
753	1020x17.5	432.64	570.4	1020	17.5
754	1020x18	444.78	586.98	1020	18
755	1020x19	469.02	620.18	1020	19
756	1020x20	493.22	653.45	1020	20
757	1020x21	517.36	686.78	1020	21
758	1020x22	541.45	720.18	1020	22
759	1020x23	565.5	753.64	1020	23
760	1020x24	589.49	787.16	1020	24
761	1020x25	613.44	820.74	1020	25
762	1020x26	637.33	854.39	1020	26
763	1020x27	661.18	888.1	1020	27
764	1020x28	684.98	921.87	1020	28
765	1020x29	708.73	955.7	1020	29
766	1020x30	732.43	989.6	1020	30
767	1020x31	756.07	1023.56	1020	31
768	1020x32	779.68	1057.59	1020	32
769	1120x8	219.38	283.5	1120	8
770	1120x9	246.58	319.22	1120	9
771	1120x10	273.73	355	1120	10
772	1120x11	300.84	390.85	1120	11
773	1120x12	327.89	426.75	1120	12
774	1120x13	354.89	462.73	1120	13
775	1120x14	381.85	498.76	1120	14
776	1120x16	435.61	571.02	1120	16
777	1120x17	462.41	607.24	1120	17
778	1120x17.5	475.8	625.37	1120	17.5
779	1120x18	489.17	643.52	1120	18
780	1120x19	515.88	679.87	1120	19
781	1120x20	542.54	716.28	1120	20
782	1220x9	268.78	347.49	1220	9
783	1220x10	298.4	386.42	1220	10
784	1220x11	327.96	425.4	1220	11
785	1220x12	357.48	464.45	1220	12
786	1220x13	386.95	503.57	1220	13
787	1220x14	416.37	542.74	1220	14
788	1220x16	475.07	621.28	1220	16
789	1220x17	504.34	660.65	1220	17
790	1220x17.5	518.96	680.35	1220	17.5
791	1220x18	533.56	700.07	1220	18
792	1220x19	562.73	739.56	1220	19
793	1220x20	591.86	779.11	1220	20
794	1420x10	347.72	449.25	1420	10
795	1420x11	382.22	494.52	1420	11
796	1420x12	416.67	539.85	1420	12
797	1420x13	451.07	585.25	1420	13
798	1420x14	485.42	630.71	1420	14
799	1420x16	553.98	721.81	1420	16
800	1420x17	588.18	767.46	1420	17
801	1420x17.5	605.27	790.31	1420	17.5
802	1420x18	622.34	813.17	1420	18
803	1420x19	656.45	858.94	1420	19
804	1420x20	690.5	904.78	1420	20
