#		P	A	h	b	s	r1	yo
1	25x26x2	1.09	1.39	25	26	2	3	10
2	25x30x2	1.22	1.55	25	30	2	3	11.9
3	28x27x2.5	1.42	1.81	28	27	2.5	4	10.4
4	30x25x3	1.61	2.05	30	25	3	5	9.6
5	30x30x2	1.3	1.65	30	30	2	3	11.2
6	32x25x3	1.66	2.11	32	25	3	5	9.4
7	32x32x2	1.39	1.77	32	32	2	3	12.9
8	38x95x2.5	4.3	5.48	38	95	2.5	3	41.3
9	40x20x2	1.14	1.45	40	20	2	3	6
10	40x20x3	1.61	2.05	40	20	3	5	6.6
11	40x30x2	1.45	1.85	40	30	2	3	10.1
12	40x30x2.5	1.79	2.28	40	30	2.5	3	10.3
13	40x40x2	1.77	2.25	40	40	2	3	14.5
14	40x40x2.5	2.18	2.78	40	40	2.5	3	14.7
15	40x40x3	2.55	3.25	40	40	3	5	15.2
16	42x42x4	3.49	4.45	42	42	4	6	16.5
17	43x45x2	1.97	2.51	43	45	2	3	16.4
18	45x25x3	1.96	2.5	45	25	3	5	8.2
19	45x31x2	1.56	1.99	45	31	2	3	10.1
20	48x70x5	6.67	8.49	48	70	5	7	29.4
21	50x30x2	1.61	2.05	50	30	2	3	9.2
22	50x30x2.5	1.99	2.53	50	30	2.5	3	9.4
23	50x32x2.5	2.07	2.63	50	32	2.5	3	10.2
24	50x40x2	1.91	2.45	50	40	2	3	13.4
25	50x40x2.5	2.38	3.03	50	40	2.5	3	13.6
26	50x40x3	2.81	3.58	50	40	3	4	13.9
27	50x40x4	3.62	4.61	50	40	4	6	14.8
28	50x47x6	5.73	7.3	50	47	6	9	19
29	50x50x2.5	2.77	3.53	50	50	2.5	3	18.1
30	50x50x3	3.28	4.18	50	50	3	4	18.4
31	50x50x4	4.24	5.4	50	50	4	6	19.1
32	60x26x2.5	2.01	2.56	60	26	2.5	4	7.3
33	60x30x2.5	2.19	2.78	60	30	2.5	3	8.7
34	60x30x3	2.55	3.25	60	30	3	5	9
35	60x32x2.5	2.26	2.89	60	32	2.5	3	9.5
36	60x32x3	2.67	3.4	60	32	3	4	9.7
37	60x32x4	3.43	4.37	60	32	4	6	10.3
38	60x40x2	2.08	2.65	60	40	2	3	12.5
39	60x40x3	3.04	3.88	60	40	3	4	13
40	60x50x3	3.5	4.45	60	50	3	5	17.4
41	60x60x3	3.99	5.08	60	60	3	4	21.7
42	60x60x4	5.18	6.6	60	60	4	6	22.4
43	60x80x3	4.91	6.25	60	80	3	5	31.1
44	60x90x5	8.71	11.09	60	90	5	7	37.1
45	63x21x2.2	1.68	2.14	63	21	2.2	3	5.2
46	65x75x4	6.28	8	65	75	4	6	28.7
47	68x27x1	0.93	1.18	68	27	1	2	6.5
48	70x30x2	1.99	2.45	70	30	2	3	7.9
49	70x40x3	3.26	4.15	70	40	3	5	12.2
50	70x50x3	3.73	4.75	70	50	3	5	16.4
51	70x50x4	4.87	6.21	70	50	4	6	16.9
52	70x60x4	5.5	7	70	60	4	6	21.3
53	78x46x6	6.96	8.86	78	46	6	9	15.6
54	80x25x4	3.61	4.61	80	25	4	6	6.5
55	80x32x4	4.05	5.16	80	32	4	6	9
56	80x35x4	4.24	5.41	80	35	4	6	10.1
57	80x40x2.5	2.97	3.78	80	40	2.5	3	11.2
58	80x40x3	3.51	4.48	80	40	3	4	14.4
59	80x50x4	5.18	6.6	80	50	4	6	16
60	80x60x3	4.46	5.68	80	60	3	4	19.6
61	80x60x4	5.81	7.4	80	60	4	6	20.2
62	80x60x6	8.37	10.66	80	60	6	9	21.4
63	80x80x3	5.4	6.88	80	80	3	4	28.4
64	80x80x4	7.07	9	80	80	4	6	29
65	80x85x4	7.38	9.41	80	85	4	6	31.3
66	80x100x6	12.14	15.46	80	100	6	9	39.6
67	900x50x3.5	4.87	6.2	90	50	3.5	5	14.9
68	90x54x5	7.06	8.99	90	54	5	7	17.3
69	90x100x2.5	5.5	7.01	90	100	2.5	4	36
70	100x40x2.5	3.36	4.28	100	40	2.5	3	10
71	100x40x3	3.97	5.05	100	40	3	5	10.3
72	100x50x3	4.47	5.68	100	50	3	4	13.9
73	100x50x4	5.81	7.4	100	50	4	6	14.5
74	100x50x5	7.14	9.09	100	50	5	7	14.9
75	100x50x6	8.37	10.66	100	50	6	9	15.5
76	100x60x3	4.93	6.28	100	60	3	4	17.9
77	100x60x4	6.44	8.2	100	60	4	6	18.4
78	100x80x3	5.87	7.48	100	80	3	4	26.2
79	100x80x4	7.7	9.8	100	80	4	6	26.8
80	100x80x5	9.49	12.09	100	80	5	7	27.4
81	100x100x3	6.79	8.65	100	100	3	5	35.2
82	100x100x6	13.08	16.66	100	100	6	9	36.9
83	100x160x4	12.72	16.2	100	160	4	6	63.6
84	104x20x2	1.14	2.73	104	20	2	3	3.7
85	106x50x4	6	7.64	106	50	4	6	14.1
86	108x70x6	10.63	13.54	108	70	6	9	22.9
87	110x26x2.5	3.01	3.83	110	26	2.5	3	5.3
88	110x50x4	6.13	7.8	110	50	4	6	13.8
89	110x50x5	7.53	9.59	110	50	5	7	14.3
90	110x100x4	9.27	11.81	110	100	4	6	34.6
91	120x25x4	4.87	6.2	120	25	4	6	5.4
92	120x50x3	4.91	6.25	120	50	3	5	12.8
93	120x50x4	6.44	8.2	120	50	4	6	13.3
94	120x50x6	9.31	11.86	120	50	6	9	14.2
95	120x60x5	8.71	11.09	120	60	5	7	17.4
96	120x60x6	10.25	13.06	120	60	6	9	18
97	120x70x5	9.49	12.09	120	70	5	7	21.4
98	120x80x4	8.32	10.6	120	80	4	6	25
99	120x80x5	10.28	13.09	120	80	5	7	25.5
100	140x40x2.5	4.15	5.28	140	40	2.5	3	8.4
101	140x40x3	4.91	6.25	140	40	3	5	8.6
102	140x60x3	5.85	7.45	140	60	3	5	15.3
103	140x60x5	9.49	12.09	140	60	5	7	16.2
104	140x60x6	11.2	14.26	140	60	6	9	16.7
105	140x70x5	10.28	13.09	140	70	5	7	19.9
106	140x80x4	8.95	11.4	140	80	4	6	23.4
107	140x80x5	11.06	14.09	140	80	5	7	23.8
108	145x65x3	6.2	7.9	145	65	3	5	16.8
109	148x25x4	5.75	7.32	148	25	4	6	49.2
110	160x40x2	3.65	4.65	160	40	2	3	7.5
111	160x40x3	5.38	6.85	160	40	3	5	8
112	160x40x5	8.71	11.09	160	40	5	7	8.9
113	160x50x2.5	4.92	6.26	160	50	2.5	4	10.7
114	160x50x4	7.7	9.81	160	50	4	6	11.4
115	160x50x5	9.49	12.09	160	50	5	7	11.9
116	160x50x6	11.2	14.26	160	50	6	9	12.4
117	160x60x2.5	5.31	6.76	160	60	2.5	4	14
118	160x60x3	6.32	8.055	160	60	3	5	14.2
119	160x60x4	8.32	10.6	160	60	4	6	14.3
120	160x60x5	10.28	13.09	160	60	5	7	15.2
121	160x60x6	12.14	15.46	160	60	6	9	15.7
122	160x70x4	8.95	11.4	160	70	4	6	18.2
123	160x80x2.5	6.11	7.78	160	80	2.5	3	21.2
124	160x80x3	7.26	9.25	160	80	3	5	21.5
125	160x80x4	9.58	12.2	160	80	4	6	22
126	160x80x5	11.85	15.09	160	80	5	7	22.4
127	160x80x6	14.02	17.86	160	80	6	9	23
128	160x100x3	8.28	10.45	160	100	3	5	29.4
129	160x100x6	15.91	20.26	160	100	6	9	30.9
130	160x120x5	14.99	19.09	160	120	5	7	38.7
131	160x120x6	17.79	22.66	160	120	6	9	39.3
132	160x160x6	21.56	27.46	160	160	6	9	56.9
133	170x60x4	8.64	11	170	60	4	6	14.2
134	170x70x5	1.45	14.59	170	70	5	7	18.1
135	170x70x6	13.55	17.26	170	70	6	9	18.6
136	180x40x3	5.85	7.45	180	40	3	5	7.5
137	180x40x4	7.7	9.81	180	40	4	6	7.9
138	180x50x4	8.32	10.6	180	50	4	6	10.7
139	180x70x6	14.02	17.85	180	70	6	9	18.1
140	180x80x4	10.21	13	180	80	4	6	20.7
141	180x80x5	12.68	16.09	180	80	5	7	21.2
142	180x80x6	14.96	19.08	180	80	6	9	21.7
143	180x100x5	14.2	18.09	180	100	5	7	28.8
144	180x100x6	16.84	21.46	180	100	6	9	29.3
145	180x130x8	25.76	32.82	180	130	8	12	42.8
146	185x100x3	8.79	11.2	185	100	3	5	27.5
147	200x50x3	6.79	8.65	200	50	3	5	9.7
148	200x50x4	8.95	11.41	200	50	4	6	10.1
149	200x80x4	10.83	13.81	200	80	4	6	19.6
150	200x80x5	13.42	17.09	200	80	5	7	20.1
151	200x80x6	15.91	20.26	200	80	6	9	20.6
152	200x100x3	9.15	11.65	200	100	3	5	26.5
153	200x100x6	17.79	22.66	200	100	6	9	27.9
154	200x180x6	25.23	32.26	200	180	6	9	61.3
155	205x38x2.5	5.34	6.81	205	38	2.5	3	6.2
156	206x75x6	15.72	20.02	206	75	6	9	18.6
157	210x57x4	9.71	12.37	210	57	4	6	11.8
158	250x35x3	7.26	9.25	250	35	3	5	5.2
159	250x60x3	8.44	10.75	250	60	3	5	11.1
160	250x60x4	11.15	14.21	250	60	4	6	11.5
161	250x60x5	13.81	17.59	250	60	5	7	11.9
162	250x60x6	16.38	20.86	250	60	6	9	12.4
163	250x125x6	22.5	28.66	250	125	6	9	34.2
164	270x100x7	24.42	33.11	270	100	7	10	24.5
165	280x60x3.9	11.8	15.03	280	60	3.9	6	10.7
166	280x140x5	21.27	27.09	280	140	5	7	37.4
167	300x80x6	20.62	26.26	300	80	6	9	16.6
168	300x100x8	29.53	37.62	300	100	8	12	23.7
169	310x100x6	22.97	39.26	310	100	6	9	22.3
170	380x65x6	22.97	29.26	380	65	6	9	10.9
171	400x95x8	35.18	44.82	400	95	8	12	18.8
172	410x65x6	24.38	31.6	410	65	6	9	10.5
