D	s	Вес	имя
10	1	0.222	10x1
10	1.2	0.26	10x1.2
10.2	1	0.227	10.2x1
10.2	1.2	0.266	10.2x1.2
12	1	0.271	12x1
12	1.2	0.32	12x1.2
12	1.4	0.366	12x1.4
12	1.5	0.388	12x1.5
12	1.6	0.41	12x1.6
13	1	0.296	13x1
13	1.2	0.349	13x1.2
13	1.4	0.401	13x1.4
13	1.5	0.425	13x1.5
13	1.6	0.45	13x1.6
14	1	0.321	14x1
14	1.2	0.379	14x1.2
14	1.4	0.435	14x1.4
14	1.5	0.462	14x1.5
14	1.6	0.489	14x1.6
15	1	0.345	15x1
15	1.2	0.408	15x1.2
15	1.4	0.47	15x1.4
15	1.5	0.499	15x1.5
15	1.6	0.529	15x1.6
16	1	0.37	16x1
16	1.2	0.438	16x1.2
16	1.4	0.504	16x1.4
16	1.5	0.536	16x1.5
16	1.6	0.568	16x1.6
17	1	0.395	17x1
17	1.2	0.468	17x1.2
17	1.4	0.539	17x1.4
17	1.5	0.573	17x1.5
17	1.6	0.608	17x1.6
18	1	0.419	18x1
18	1.2	0.497	18x1.2
18	1.4	0.573	18x1.4
18	1.5	0.61	18x1.5
18	1.6	0.719	18x1.6
18	1.8	0.789	18x1.8
19	1	0.444	19x1
19	1.2	0.527	19x1.2
19	1.4	0.608	19x1.4
19	1.5	0.647	19x1.5
19	1.6	0.687	19x1.6
19	1.8	0.764	19x1.8
19	2	0.838	19x2
20	1	0.469	20x1
20	1.2	0.556	20x1.2
20	1.4	0.642	20x1.4
20	1.5	0.684	20x1.5
20	1.6	0.726	20x1.6
20	1.8	0.808	20x1.8
20	2	0.888	20x2
21.3	1	0.501	21.3x1
21.3	1.2	0.595	21.3x1.2
21.3	1.4	0.687	21.3x1.4
21.3	1.5	0.732	21.3x1.5
21.3	1.6	0.777	21.3x1.6
21.3	1.8	0.866	21.3x1.8
21.3	2	0.952	21.3x2
22	1	0.518	22x1
22	1.2	0.616	22x1.2
22	1.4	0.711	22x1.4
22	1.5	0.758	22x1.5
22	1.6	0.805	22x1.6
22	1.8	0.897	22x1.8
22	2	0.986	22x2
23	1	0.543	23x1
23	1.2	0.645	23x1.2
23	1.4	0.746	23x1.4
23	1.5	0.795	23x1.5
23	1.6	0.844	23x1.6
23	1.8	0.941	23x1.8
23	2	1.04	23x2
23	2.2	1.13	23x2.2
23	2.5	1.26	23x2.5
24	1	0.567	24x1
24	1.2	0.675	24x1.2
24	1.4	0.78	24x1.4
24	1.5	0.832	24x1.5
24	1.6	0.884	24x1.6
24	1.8	0.985	24x1.8
24	2	1.09	24x2
24	2.2	1.18	24x2.2
24	2.5	1.33	24x2.5
25	1	0.592	25x1
25	1.2	0.704	25x1.2
25	1.4	0.815	25x1.4
25	1.5	0.869	25x1.5
25	1.6	0.923	25x1.6
25	1.8	1.03	25x1.8
25	2	1.13	25x2
25	2.2	1.24	25x2.2
25	2.5	1.39	25x2.5
26	1	0.617	26x1
26	1.2	0.734	26x1.2
26	1.4	0.849	26x1.4
26	1.5	0.906	26x1.5
26	1.6	0.963	26x1.6
26	1.8	1.07	26x1.8
26	2	1.18	26x2
26	2.2	1.29	26x2.2
26	2.5	1.45	26x2.5
27	1	0.641	27x1
27	1.2	0.764	27x1.2
27	1.4	0.884	27x1.4
27	1.5	0.943	27x1.5
27	1.6	1	27x1.6
27	1.8	1.12	27x1.8
27	2	1.23	27x2
27	2.2	1.35	27x2.2
27	2.5	1.51	27x2.5
28	1	0.666	28x1
28	1.2	0.793	28x1.2
28	1.4	0.918	28x1.4
28	1.5	0.98	28x1.5
28	1.6	1.04	28x1.6
28	1.8	1.16	28x1.8
28	2	1.28	28x2
28	2.2	1.4	28x2.2
28	2.5	1.57	28x2.5
30	1	0.715	30x1
30	1.2	0.852	30x1.2
30	1.4	0.987	30x1.4
30	1.5	1.05	30x1.5
30	1.6	1.12	30x1.6
30	1.8	1.25	30x1.8
30	2	1.38	30x2
30	2.2	1.51	30x2.2
30	2.5	1.7	30x2.5
32	1	0.765	32x1
32	1.2	0.911	32x1.2
32	1.4	1.06	32x1.4
32	1.5	1.13	32x1.5
32	1.6	1.2	32x1.6
32	1.8	1.34	32x1.8
32	2	1.48	32x2
32	2.2	1.62	32x2.2
32	2.5	1.82	32x2.5
32	2.8	2.02	32x2.8
32	3	2.15	32x3
33	1	0.789	33x1
33	1.2	0.941	33x1.2
33	1.4	1.09	33x1.4
33	1.5	1.17	33x1.5
33	1.6	1.24	33x1.6
33	1.8	1.38	33x1.8
33	2	1.53	33x2
33	2.2	1.67	33x2.2
33	2.5	1.88	33x2.5
33	2.8	2.09	33x2.8
33	3	2.22	33x3
33.7	1.2	0.962	33.7x1.2
33.7	1.4	1.12	33.7x1.4
33.7	1.5	1.19	33.7x1.5
33.7	1.6	1.27	33.7x1.6
33.7	1.8	1.42	33.7x1.8
33.7	2	1.56	33.7x2
33.7	2.2	1.71	33.7x2.2
33.7	2.5	1.92	33.7x2.5
33.7	2.8	2.13	33.7x2.8
33.7	3	2.27	33.7x3
35	1.2	1	35x1.2
35	1.4	1.16	35x1.4
35	1.5	1.24	35x1.5
35	1.6	1.32	35x1.6
35	1.8	1.47	35x1.8
35	2	1.63	35x2
35	2.2	1.78	35x2.2
35	2.5	2	35x2.5
35	2.8	2.22	35x2.8
35	3	2.37	35x3
36	1.2	1.03	36x1.2
36	1.4	1.19	36x1.4
36	1.5	1.28	36x1.5
36	1.6	1.36	36x1.6
36	1.8	1.52	36x1.8
36	2	1.68	36x2
36	2.2	1.83	36x2.2
36	2.5	2.07	36x2.5
36	2.8	2.29	36x2.8
36	3	2.44	36x3
38	1.2	1.09	38x1.2
38	1.4	1.26	38x1.4
38	1.5	1.35	38x1.5
38	1.6	1.44	38x1.6
38	1.8	1.61	38x1.8
38	2	1.78	38x2
38	2.2	1.94	38x2.2
38	2.5	2.19	38x2.5
38	2.8	2.43	38x2.8
38	3	2.59	38x3
40	1.2	1.15	40x1.2
40	1.4	1.33	40x1.4
40	1.5	1.42	40x1.5
40	1.6	1.52	40x1.6
40	1.8	1.7	40x1.8
40	2	1.87	40x2
40	2.2	2.05	40x2.2
40	2.5	2.31	40x2.5
40	2.8	2.57	40x2.8
40	3	2.74	40x3
42	1.2	1.21	42x1.2
42	1.4	1.4	42x1.4
42	1.5	1.5	42x1.5
42	1.6	1.59	42x1.6
42	1.8	1.78	42x1.8
42	2	1.97	42x2
42	2.2	2.16	42x2.2
42	2.5	2.44	42x2.5
42	2.8	2.71	42x2.8
42	3	2.89	42x3
44.5	1.2	1.28	44.5x1.2
44.5	1.4	1.49	44.5x1.4
44.5	1.5	1.59	44.5x1.5
44.5	1.6	1.69	44.5x1.6
44.5	1.8	1.9	44.5x1.8
44.5	2	2.1	44.5x2
44.5	2.2	2.29	44.5x2.2
44.5	2.5	2.59	44.5x2.5
44.5	2.8	2.88	44.5x2.8
44.5	3	3.07	44.5x3
45	1.2	1.3	45x1.2
45	1.4	1.51	45x1.4
45	1.5	1.61	45x1.5
45	1.6	1.71	45x1.6
45	1.8	1.92	45x1.8
45	2	2.12	45x2
45	2.2	2.32	45x2.2
45	2.5	2.62	45x2.5
45	2.8	2.91	45x2.8
45	3	3.11	45x3
48	1.4	1.61	48x1.4
48	1.5	1.72	48x1.5
48	1.6	1.83	48x1.6
48	1.8	2.05	48x1.8
48	2	2.27	48x2
48	2.2	2.48	48x2.2
48	2.5	2.81	48x2.5
48	2.8	3.12	48x2.8
48	3	3.33	48x3
48	3.2	3.54	48x3.2
48	3.5	3.84	48x3.5
48.3	1.4	1.62	48.3x1.4
48.3	1.5	1.73	48.3x1.5
48.3	1.6	1.84	48.3x1.6
48.3	1.8	2.06	48.3x1.8
48.3	2	2.28	48.3x2
48.3	2.2	2.5	48.3x2.2
48.3	2.5	2.82	48.3x2.5
48.3	2.8	3.14	48.3x2.8
48.3	3	3.35	48.3x3
48.3	3.2	3.56	48.3x3.2
48.3	3.5	3.87	48.3x3.5
51	1.4	1.71	51x1.4
51	1.5	1.83	51x1.5
51	1.6	1.95	51x1.6
51	1.8	2.18	51x1.8
51	2	2.42	51x2
51	2.2	2.65	51x2.2
51	2.5	2.99	51x2.5
51	2.8	3.33	51x2.8
51	3	3.55	51x3
51	3.2	3.77	51x3.2
51	3.5	4.1	51x3.5
53	1.4	1.78	53x1.4
53	1.5	1.91	53x1.5
53	1.6	2.03	53x1.6
53	1.8	2.27	53x1.8
53	2	2.52	53x2
53	2.2	2.76	53x2.2
53	2.5	3.11	53x2.5
53	2.8	3.47	53x2.8
53	3	3.7	53x3
53	3.2	3.93	53x3.2
53	3.5	4.27	53x3.5
54	1.4	1.82	54x1.4
54	1.5	1.94	54x1.5
54	1.6	2.07	54x1.6
54	1.8	2.32	54x1.8
54	2	2.56	54x2
54	2.2	2.81	54x2.2
54	2.5	3.18	54x2.5
54	2.8	3.54	54x2.8
54	3	3.77	54x3
54	3.2	4.01	54x3.2
54	3.5	4.36	54x3.5
57	1.4	1.92	57x1.4
57	1.5	2.05	57x1.5
57	1.6	2.19	57x1.6
57	1.8	2.45	57x1.8
57	2	2.71	57x2
57	2.2	2.97	57x2.2
57	2.5	3.36	57x2.5
57	2.8	3.74	57x2.8
57	3	4	57x3
57	3.2	4.25	57x3.2
57	3.5	4.62	57x3.5
60	1.4	2.02	60x1.4
60	1.5	2.16	60x1.5
60	1.6	2.3	60x1.6
60	1.8	2.58	60x1.8
60	2	2.86	60x2
60	2.2	3.14	60x2.2
60	2.5	3.54	60x2.5
60	2.8	3.95	60x2.8
60	3	4.22	60x3
60	3.2	4.48	60x3.2
60	3.5	4.88	60x3.5
60	3.8	5.27	60x3.8
63.5	1.4	2.14	63.5x1.4
63.5	1.5	2.29	63.5x1.5
63.5	1.6	2.44	63.5x1.6
63.5	1.8	2.74	63.5x1.8
63.5	2	3.03	63.5x2
63.5	2.2	3.33	63.5x2.2
63.5	2.5	3.76	63.5x2.5
63.5	2.8	4.19	63.5x2.8
63.5	3	4.48	63.5x3
63.5	3.2	4.76	63.5x3.2
63.5	3.5	5.18	63.5x3.5
63.5	3.8	5.59	63.5x3.8
70	1.4	2.37	70x1.4
70	1.5	2.53	70x1.5
70	1.6	2.7	70x1.6
70	1.8	3.03	70x1.8
70	2	3.35	70x2
70	2.2	3.68	70x2.2
70	2.5	4.16	70x2.5
70	2.8	4.64	70x2.8
70	3	4.96	70x3
70	3.2	5.27	70x3.2
70	3.5	5.74	70x3.5
70	3.8	6.2	70x3.8
70	4	6.51	70x4
73	1.4	2.47	73x1.4
73	1.5	2.64	73x1.5
73	1.6	2.82	73x1.6
73	1.8	3.16	73x1.8
73	2	3.5	73x2
73	2.2	3.84	73x2.2
73	2.5	4.35	73x2.5
73	2.8	4.85	73x2.8
73	3	5.18	73x3
73	3.2	5.51	73x3.2
73	3.5	6	73x3.5
73	3.8	6.48	73x3.8
73	4	6.81	73x4
76	1.4	2.58	76x1.4
76	1.5	2.76	76x1.5
76	1.6	2.94	76x1.6
76	1.8	3.29	76x1.8
76	2	3.65	76x2
76	2.2	4	76x2.2
76	2.5	4.53	76x2.5
76	2.8	5.05	76x2.8
76	3	5.4	76x3
76	3.2	5.74	76x3.2
76	3.5	6.26	76x3.5
76	3.8	6.77	76x3.8
76	4	7.1	76x4
76	4.5	7.93	76x4.5
76	5	8.75	76x5
76	5.5	9.56	76x5.5
83	1.6	3.21	83x1.6
83	1.8	3.6	83x1.8
83	2	4	83x2
83	2.2	4.38	83x2.2
83	2.5	4.96	83x2.5
83	2.8	5.54	83x2.8
83	3	5.92	83x3
83	3.2	6.3	83x3.2
83	3.5	6.86	83x3.5
83	3.8	7.42	83x3.8
83	4	7.79	83x4
83	4.5	8.71	83x4.5
83	5	9.62	83x5
83	5.5	10.51	83x5.5
89	1.6	3.45	89x1.6
89	1.8	3.87	89x1.8
89	2	4.29	89x2
89	2.2	4.71	89x2.2
89	2.5	5.33	89x2.5
89	2.8	5.95	89x2.8
89	3	6.36	89x3
89	3.2	6.77	89x3.2
89	3.5	7.38	89x3.5
89	3.8	7.98	89x3.8
89	4	8.38	89x4
89	4.5	9.38	89x4.5
89	5	10.36	89x5
89	5.5	11.33	89x5.5
95	2	4.59	95x2
95	2.5	5.7	95x2.5
95	3.2	7.24	95x3.2
95	5	11.1	95x5
102	1.8	4.45	102x1.8
102	2	4.93	102x2
102	2.2	5.41	102x2.2
102	2.5	6.13	102x2.5
102	2.8	6.85	102x2.8
102	3	7.32	102x3
102	3.2	7.8	102x3.2
102	3.5	8.5	102x3.5
102	3.8	9.2	102x3.8
102	4	9.67	102x4
102	4.5	10.82	102x4.5
102	5	11.96	102x5
102	5.5	13.09	102x5.5
108	1.8	4.71	108x1.8
108	2	5.23	108x2
108	2.2	5.74	108x2.2
108	2.5	6.5	108x2.5
108	2.8	7.26	108x2.8
108	3	7.77	108x3
108	3.2	8.27	108x3.2
108	3.5	9.02	108x3.5
108	3.8	9.76	108x3.8
108	4	10.26	108x4
108	4.5	11.49	108x4.5
108	5	12.7	108x5
108	5.5	13.9	108x5.5
114	1.8	4.98	114x1.8
114	2	5.52	114x2
114	2.2	6.07	114x2.2
114	2.5	6.87	114x2.5
114	2.8	7.68	114x2.8
114	3	8.21	114x3
114	3.2	8.74	114x3.2
114	3.5	9.54	114x3.5
114	3.8	10.33	114x3.8
114	4	10.85	114x4
114	4.5	12.15	114x4.5
114	5	13.44	114x5
114	5.5	14.72	114x5.5
127	1.8	5.56	127x1.8
127	2	6.17	127x2
127	2.2	6.77	127x2.2
127	2.5	7.68	127x2.5
127	2.8	8.58	127x2.8
127	3	9.17	127x3
127	3.2	9.77	127x3.2
127	3.5	10.66	127x3.5
127	3.8	11.55	127x3.8
127	4	12.13	127x4
127	4.5	13.59	127x4.5
127	5	15.04	127x5
127	5.5	16.48	127x5.5
133	1.8	5.82	133x1.8
133	2	6.46	133x2
133	2.2	7.1	133x2.2
133	2.5	8.05	133x2.5
133	2.8	8.99	133x2.8
133	3	9.62	133x3
133	3.2	10.24	133x3.2
133	3.5	11.18	133x3.5
133	3.8	12.11	133x3.8
133	4	12.72	133x4
133	4.5	14.26	133x4.5
133	5	15.78	133x5
133	5.5	17.29	133x5.5
140	1.8	6.13	140x1.8
140	2	6.81	140x2
140	2.2	7.48	140x2.2
140	2.5	8.48	140x2.5
140	2.8	9.47	140x2.8
140	3	10.14	140x3
140	3.2	10.8	140x3.2
140	3.5	11.78	140x3.5
140	3.8	12.76	140x3.8
140	4	13.42	140x4
140	4.5	15.04	140x4.5
140	5	16.65	140x5
140	5.5	18.24	140x5.5
152	1.8	6.67	152x1.8
152	2	7.4	152x2
152	2.2	8.13	152x2.2
152	2.5	9.22	152x2.5
152	2.8	10.3	152x2.8
152	3	11.02	152x3
152	3.2	11.74	152x3.2
152	3.5	12.82	152x3.5
152	3.8	13.89	152x3.8
152	4	14.6	152x4
152	4.5	16.37	152x4.5
152	5	18.13	152x5
152	5.5	19.87	152x5.5
159	1.8	6.98	159x1.8
159	2	7.74	159x2
159	2.2	8.51	159x2.2
159	2.5	9.65	159x2.5
159	2.8	10.79	159x2.8
159	3	11.54	159x3
159	3.2	12.29	159x3.2
159	3.5	13.42	159x3.5
159	3.8	14.54	159x3.8
159	4	15.29	159x4
159	4.5	17.15	159x4.5
159	5	18.99	159x5
159	5.5	20.82	159x5.5
159	6	22.64	159x6
159	7	26.24	159x7
159	8	29.79	159x8
168	1.8	7.38	168x1.8
168	2	8.19	168x2
168	2.2	9	168x2.2
168	2.5	10.2	168x2.5
168	2.8	11.41	168x2.8
168	3	12.21	168x3
168	3.2	13.01	168x3.2
168	3.5	14.2	168x3.5
168	3.8	15.39	168x3.8
168	4	16.18	168x4
168	4.5	18.14	168x4.5
168	5	20.1	168x5
168	5.5	22.04	168x5.5
168	6	23.97	168x6
168	7	27.79	168x7
168	8	31.57	168x8
177.8	1.8	7.81	177.8x1.8
177.8	2	8.67	177.8x2
177.8	2.2	9.53	177.8x2.2
177.8	2.5	10.81	177.8x2.5
177.8	2.8	12.08	177.8x2.8
177.8	3	12.93	177.8x3
177.8	3.2	13.78	177.8x3.2
177.8	3.5	15.04	177.8x3.5
177.8	3.8	16.31	177.8x3.8
177.8	4	17.14	177.8x4
177.8	4.5	19.23	177.8x4.5
177.8	5	21.31	177.8x5
177.8	5.5	23.37	177.8x5.5
177.8	6	25.42	177.8x6
177.8	7	29.48	177.8x7
177.8	8	33.5	177.8x8
180	4	17.36	180x4
180	5	21.58	180x5
193.7	2	9.45	193.7x2
193.7	2.2	10.39	193.7x2.2
193.7	2.5	11.79	193.7x2.5
193.7	2.8	13.18	193.7x2.8
193.7	3	14.11	193.7x3
193.7	3.2	15.03	193.7x3.2
193.7	3.5	16.42	193.7x3.5
193.7	3.8	17.8	193.7x3.8
193.7	4	18.71	193.7x4
193.7	4.5	21	193.7x4.5
193.7	5	23.27	193.7x5
193.7	5.5	25.53	193.7x5.5
193.7	6	27.77	193.7x6
193.7	7	32.23	193.7x7
193.7	8	36.64	193.7x8
219	2.5	13.35	219x2.5
219	2.8	14.93	219x2.8
219	3	15.98	219x3
219	3.2	17.03	219x3.2
219	3.5	18.6	219x3.5
219	3.8	20.17	219x3.8
219	4	21.21	219x4
219	4.5	23.8	219x4.5
219	5	26.39	219x5
219	5.5	28.96	219x5.5
219	6	31.52	219x6
219	7	36.6	219x7
219	8	41.63	219x8
219	9	46.61	219x9
244.5	3	17.87	244.5x3
244.5	3.2	19.04	244.5x3.2
244.5	3.5	20.8	244.5x3.5
244.5	3.8	22.56	244.5x3.8
244.5	4	23.72	244.5x4
244.5	4.5	26.63	244.5x4.5
244.5	5	29.53	244.5x5
244.5	5.5	32.42	244.5x5.5
244.5	6	35.29	244.5x6
244.5	7	41	244.5x7
244.5	8	46.66	244.5x8
244.5	9	52.27	244.5x9
273	3.5	23.26	273x3.5
273	3.8	25.23	273x3.8
273	4	26.53	273x4
273	4.5	29.8	273x4.5
273	5	33.05	273x5
273	5.5	36.28	273x5.5
273	6	39.51	273x6
273	7	45.92	273x7
273	8	52.28	273x8
273	9	58.59	273x9
325	4	31.66	325x4
325	4.5	35.57	325x4.5
325	5	39.46	325x5
325	5.5	43.34	325x5.5
325	6	47.2	325x6
325	7	54.89	325x7
325	8	62.54	325x8
325	9	70.14	325x9
355.6	4	34.68	355.6x4
355.6	4.5	38.96	355.6x4.5
355.6	5	43.23	355.6x5
355.6	5.5	47.49	355.6x5.5
355.6	6	51.73	355.6x6
355.6	7	60.18	355.6x7
355.6	8	68.58	355.6x8
355.6	9	76.93	355.6x9
355.6	10	85.23	355.6x10
377	4	36.79	377x4
377	4.5	41.34	377x4.5
377	5	45.87	377x5
377	5.5	50.39	377x5.5
377	6	54.89	377x6
377	7	63.87	377x7
377	8	72.8	377x8
377	9	81.68	377x9
377	10	90.51	377x10
406.4	4	39.69	406.4x4
406.4	4.5	44.6	406.4x4.5
406.4	5	49.49	406.4x5
406.4	5.5	54.38	406.4x5.5
406.4	6	59.25	406.4x6
406.4	7	68.95	406.4x7
406.4	8	78.6	406.4x8
406.4	9	88.2	406.4x9
406.4	10	97.76	406.4x10
406.4	11	107.26	406.4x11
406.4	12	116.71	406.4x12
426	4	41.63	426x4
426	4.5	46.78	426x4.5
426	5	51.91	426x5
426	5.5	57.03	426x5.5
426	6	62.15	426x6
426	7	72.33	426x7
426	8	82.47	426x8
426	9	92.55	426x9
426	10	102.59	426x10
426	11	112.58	426x11
426	12	122.51	426x12
478	5	58.32	478x5
478	5.5	64.09	478x5.5
478	6	69.84	478x6
478	7	81.31	478x7
478	8	92.72	478x8
478	9	104.09	478x9
478	10	115.41	478x10
478	11	126.68	478x11
478	12	137.9	478x12
530	5	64.73	530x5
530	5.5	71.14	530x5.5
530	6	77.53	530x6
530	7	90.28	530x7
530	8	102.98	530x8
530	9	115.63	530x9
530	10	128.24	530x10
530	11	140.79	530x11
530	12	153.29	530x12
530	13	165.75	530x13
530	14	178.15	530x14
530	16	202.81	530x16
530	17	215.07	530x17
530	17.5	221.18	530x17.5
530	18	227.27	530x18
530	19	239.43	530x19
530	20	251.54	530x20
530	21	263.6	530x21
530	22	275.61	530x22
530	23	287.57	530x23
530	24	299.48	530x24
630	7	107.55	630x7
630	8	122.71	630x8
630	9	137.83	630x9
630	10	152.9	630x10
630	11	167.92	630x11
630	12	182.88	630x12
630	13	197.8	630x13
630	14	212.67	630x14
630	16	242.27	630x16
630	17	256.99	630x17
630	17.5	264.33	630x17.5
630	18	271.66	630x18
630	19	286.29	630x19
630	20	300.86	630x20
720	7	123.08	720x7
720	8	140.47	720x8
720	9	157.8	720x9
720	10	175.09	720x10
720	11	192.33	720x11
720	12	209.52	720x12
720	13	226.66	720x13
720	14	243.75	720x14
720	16	277.78	720x16
720	17	294.72	720x17
720	17.5	303.17	720x17.5
720	18	311.61	720x18
720	19	328.46	720x19
720	20	345.25	720x20
720	21	362	720x21
720	22	378.69	720x22
720	23	395.34	720x23
720	24	411.93	720x24
720	25	428.48	720x25
720	26	444.98	720x26
720	27	461.43	720x27
720	28	477.83	720x28
720	29	494.18	720x29
720	30	510.48	720x30
820	7	140.34	820x7
820	8	160.2	820x8
820	9	180	820x9
820	10	199.75	820x10
820	11	219.46	820x11
820	12	239.11	820x12
820	13	258.72	820x13
820	14	278.27	820x14
820	16	317.24	820x16
820	17	336.64	820x17
820	17.5	346.33	820x17.5
820	18	356	820x18
820	19	375.31	820x19
820	20	394.57	820x20
820	21	413.78	820x21
820	22	432.94	820x22
820	23	452.06	820x23
820	24	471.12	820x24
820	25	490.13	820x25
820	26	509.1	820x26
820	27	528.01	820x27
820	28	546.88	820x28
820	29	565.69	820x29
820	30	584.46	820x30
920	7	157.61	920x7
920	8	179.93	920x8
920	9	202.19	920x9
920	10	224.41	920x10
920	11	246.58	920x11
920	12	268.7	920x12
920	13	290.78	920x13
920	14	312.8	920x14
920	16	356.69	920x16
920	17	378.57	920x17
920	17.5	389.49	920x17.5
920	18	400.39	920x18
920	19	422.17	920x19
920	20	443.89	920x20
1020	8	199.65	1020x8
1020	9	224.39	1020x9
1020	10	249.07	1020x10
1020	11	273.71	1020x11
1020	12	298.3	1020x12
1020	13	322.83	1020x13
1020	14	347.32	1020x14
1020	16	396.15	1020x16
1020	17	420.49	1020x17
1020	17.5	432.64	1020x17.5
1020	18	444.78	1020x18
1020	19	469.02	1020x19
1020	20	493.22	1020x20
1020	21	517.36	1020x21
1020	22	541.45	1020x22
1020	23	565.5	1020x23
1020	24	589.49	1020x24
1020	25	613.44	1020x25
1020	26	637.33	1020x26
1020	27	661.18	1020x27
1020	28	684.98	1020x28
1020	29	708.73	1020x29
1020	30	732.43	1020x30
1020	31	756.07	1020x31
1020	32	779.68	1020x32
1120	8	219.38	1120x8
1120	9	246.58	1120x9
1120	10	273.73	1120x10
1120	11	300.84	1120x11
1120	12	327.89	1120x12
1120	13	354.89	1120x13
1120	14	381.85	1120x14
1120	16	435.61	1120x16
1120	17	462.41	1120x17
1120	17.5	475.8	1120x17.5
1120	18	489.17	1120x18
1120	19	515.88	1120x19
1120	20	542.54	1120x20
1220	9	268.78	1220x9
1220	10	298.4	1220x10
1220	11	327.96	1220x11
1220	12	357.48	1220x12
1220	13	386.95	1220x13
1220	14	416.37	1220x14
1220	16	475.07	1220x16
1220	17	504.34	1220x17
1220	17.5	518.96	1220x17.5
1220	18	533.56	1220x18
1220	19	562.73	1220x19
1220	20	591.86	1220x20
1420	10	347.72	1420x10
1420	11	382.22	1420x11
1420	12	416.67	1420x12
1420	13	451.07	1420x13
1420	14	485.42	1420x14
1420	16	553.98	1420x16
1420	17	588.18	1420x17
1420	17.5	605.27	1420x17.5
1420	18	622.34	1420x18
1420	19	656.45	1420x19
1420	20	690.5	1420x20
