5,00	1,65	2,97
5,20	1,63	2,93
5,40	1,62	2,92
5,60	1,60	2,88
5,80	1,58	2,73
6,00	1,48	2,66
6,20	1,46	2,63
6,40	1,45	2,61
6,60	1,43	2,57
6,80	1,41	2,54
7,00	1,38	2,48
7,20	1,35	2,43
7,40	1,30	2,34
7,60	1,26	2,27
7,80	1,21	2,18
8,00	1,15	2,07
8,20	1,09	1,96
8,40	1,05	1,80
8,60	1,01	1,79
8,80	0,98	1,76
9,00	0,96	1,73
9,20	0,94	1,69
9,40	0,91	1,64
9,60	0,89	1,60
9,80	0,86	1,55
10,00	0,84	1,51
10,20	0,82	1,48
10,40	0,80	1,44
10,60	0,78	1,40
10,80	0,76	1,37
11,00	0,74	1,33
11,20	0,72	1,30
11,40	0,70	1,26
11,60	0,69	1,24
11,80	0,68	1,22
12,00	0,67	1,21
15,00	0,65	1,17
16,00	0,63	1,13
17,00	0,61	1,10
20,00	0,60	1,08
22,00	0,58	1,04
24,00	0,56	1,01
26,00	0,55	0,99
28,00	0,52	0,94
30,00	0,50	0,90
		
		
		
		
		
		
		
		
		
		
		
		
		
		
		
		
		
		
		
		
		
		
		
		
		
		
		
		
		
		
		
		
		
		
		
		
		
		
		
		
		
		
		
		
		
		
		
		
		
		
		
		
		
		
		
		
		
		
		
		
		
		
		
		
		
		
		
		
		
		
		
		
		
		
		
		
		
		
		
		
		
		
		
		
		
		
		
		
		
		
		
		
		
		
		
		
		
		
		
		
		
		
		
		
		
		
		
		
		
		
		
		
		
		
		
		
		
		
		
		
		
		
		
		
		
		
		
		
		
		
		
		
		
		
		
		
		
		
		
		
		
		
		
		
		
		
		
		
		
		
		
		
		
		
		
		
		
		
		
		
		
		
		
		
		
		
		
		
		
		
		
		
		
		
		
		
		
		
		
		
		
		
		
		
		
		
		
		
		
		
		
		
		
		
		
		
		
		
		
		
		
		
		
		
		
		
		
		
		
		
		
		
		
		
		
		
		
		
		
		
		
		
		
		
		
		
		
		
		
		
		
		
		
		
		
		
		
		
		
		
		
		
		
		
		
		
		
		
		
		
		
		
		
		
		
		
		
		
		
		
		
		
		
		
		
		
		
		
		
		
		
		
		
		
		
		
		
		
		
		
		
		
		
		
		
		
		
		
		
		
		
		
		
		
		
		
		
		
		
		
		
		
		
		
		
